,DMS_score
1919,0.5169711947249935
1920,0.3440322295070646
1921,0.22408863273861201
1922,0.3659287775430409
1923,0.2525458128072591
1924,0.4462322696982588
1925,0.3177017953958934
1926,0.27485206009445773
1927,0.31147292674969607
1928,0.32058700641962923
1929,0.16314399199284524
1930,0.4811188993335518
1931,0.3388455923312219
1932,0.4667026396935674
1933,0.5772511372710571
1934,0.4962054098206372
1935,0.18681367158239537
1936,0.6298288533543139
1937,0.18716567023209763
1938,0.37324786974052815
1939,0.5010280383148109
1940,0.18350918402014438
1941,0.3717736619953316
1942,0.23804030827032663
1943,0.3687690771148713
1944,-0.048715644903302824
1945,0.5048759598606087
1946,0.3125548191855745
1947,-0.09895958585578868
1948,0.4496655098859619
1949,0.39203074026885454
1950,0.34008729969089946
1951,-0.001021480158519772
1952,0.38890342493962526
1953,0.09874767784322946
1954,0.26111826928491766
1955,0.47102558539911277
1956,0.02405306359014836
1957,0.5546013782953414
1958,0.33602328216377075
1959,0.4473696265060092
1960,0.25368826537554456
1961,0.18777084692838053
1962,0.20210866160530738
1963,0.7776246580498982
1964,0.4435545441447144
1965,0.4271907568759141
1966,0.5801171771076796
1967,0.38520091469971396
1968,0.4637269365080219
1969,0.4313207097462748
1970,0.26937968045856553
1971,0.498484795108981
1972,0.296148121183625
1973,0.7830193213282022
1974,0.33746864697694745
1975,0.44626286023638806
1976,-0.095541830350939
1977,-0.36762273235618204
1978,-0.029587360174841093
1979,0.1916562686762624
1980,0.12702264976087263
1981,-0.21867371202186403
1982,-0.295190013462618
1983,-0.6634589261038846
1984,-0.21683063376279743
1985,-0.5650973747564808
1986,-0.33917832529960246
1987,0.286198113904516
1988,-0.2684865256758444
1989,-0.1877966146120914
1990,-0.1179543542296464
1991,0.22228476621159432
1992,0.20124281263497723
1993,0.26796838325715533
1994,-0.3780065714417459
1995,0.15616563922544624
1996,0.19902031291161082
1997,0.36234177088172936
1998,0.42633823251793723
1999,0.25838565461777585
2000,0.4518023212751232
2001,-0.07894941284080503
2002,0.43021218060810873
2003,0.07795234064692469
2004,0.4321241329771002
2005,0.5306017690842195
2006,0.15243430774284739
2007,0.175116998090455
2008,0.34858838389889457
2009,0.44957076361207404
2010,0.07289985495250884
2011,0.3355188575654642
2012,0.09155082810127202
2013,0.3181058580527747
2014,0.10343345719926544
2015,-0.09475046437612111
2016,0.37639939550180856
2017,0.3862278843681759
2018,0.5020311196968412
2019,0.07303235361242133
2020,0.12067631394831535
2021,-0.32056995254593346
2022,-0.22650049025045693
2023,-0.5058824133617937
2024,0.07776652084052449
2025,0.24449237672962232
2026,0.1738326123477958
2027,0.396036832517056
2028,0.49204252586819575
2029,0.20912287304466037
2030,0.13356937584232287
2031,-0.3196373467780764
2032,-0.032438558910478754
2033,0.5352645697387368
2034,0.3960568615935782
2035,0.25085129542724593
2036,-0.15136326161841784
2037,0.39022859529056
2038,0.2983685161495706
2039,0.00014536510956930648
2040,0.5742278827891845
2041,-0.34814790259407025
2042,0.34960376808304194
2043,0.39892424223172096
2044,0.3623024321310182
2045,0.09917342308567245
2046,0.5192718460151191
2047,0.49454706052837194
2048,0.3004110245452609
2049,0.4076365394198058
2050,0.03962294561610613
2051,0.5071159905654143
2052,0.039790508369160094
2053,-0.35141367978325955
2054,-0.12141547698407551
2055,-0.7081635924884018
2056,-0.4183164480102428
2057,-0.008530497798348469
2058,-0.38822460376924506
2059,-0.5261391125125667
2060,0.011277571049306045
2061,-0.4271969520008714
2062,-0.2142600440131467
2063,-0.1464449598674722
2064,-0.5818477832435969
2065,-0.006413946298116868
2066,-0.6760321130059842
2067,-0.08207899570255106
2068,-0.039151280559701074
2069,0.46328562268512985
2070,0.31713554691769996
2071,-0.12508855507086225
2072,0.31780055032777077
2073,0.20067574974497915
2074,-0.44657654757911647
2075,0.27583599633201383
2076,0.24854125041349429
2077,0.36145845767968554
2078,-0.2517764399966482
2079,0.43570854394135927
2080,0.4111155578390582
2081,0.5987039317703367
2082,0.2687184216909615
2083,-0.2026406253718649
2084,0.37629999938417913
2085,0.12780514953408506
2086,-0.06633960776827919
2087,0.2912292948412081
2088,-0.23703399422923943
2089,0.22450187431345703
2090,0.012817831203142838
2091,-0.30580200365947807
2092,0.48370174981840286
2093,-0.030495611323778093
2094,-0.32260284103129977
2095,-0.13581505330787258
2096,-0.11910745583215288
2097,-0.19533934547604892
2098,-0.16922802129795123
2099,-0.020466246114299813
2100,0.25317365992895535
2101,0.12842554054919697
2102,-0.3350023062990489
2103,-0.18588447681671982
2104,-0.24246632874166563
2105,-0.7118625226503521
2106,-0.19561604789616738
2107,0.41244301590134835
2108,-0.5852113209492851
2109,-0.399214707088554
2110,0.23918389940192641
2111,-0.34875125316461697
2112,0.3619677001440571
2113,0.3383344465664224
2114,0.38975828411243674
2115,0.5570737264507537
2116,0.5735637144675279
2117,0.397661770838045
2118,0.1349279124795144
2119,0.13155135514879723
2120,0.4159420470848547
2121,0.3580627962013747
2122,0.49663760277964775
2123,0.22995461555727803
2124,0.18701592696718627
2125,-0.03233883664516579
2126,0.47742983067160405
2127,0.1810959686257536
2128,-0.15373697919958607
2129,-0.5620135208900141
2130,-0.2944722496715122
2131,-0.50533022297862
2132,0.34837959080169045
2133,0.23981130645436965
2134,-0.202832332705859
2135,0.44315318591453523
2136,-0.13523909338493934
2137,-0.09474720687048066
2138,-0.16921050219018308
2139,-0.008269487438693823
2140,-0.19020885387696007
2141,-0.04287618951634098
2142,0.2933612982198295
2143,-0.2606472427205254
2144,0.08673428831733299
2145,-0.35990220291845654
2146,0.30116574702334353
2147,0.10572589759583506
2148,0.8049890183393786
2149,0.33991086031930595
2150,0.42041595656439834
2151,0.280788923236742
2152,0.35464707300802667
2153,0.47982715184767133
2154,0.4473487243066854
2155,0.3106780413825523
2156,0.5705868231541489
2157,0.37608255741517826
2158,0.42727905053561654
2159,0.3621905477375156
2160,0.7343575218294522
2161,0.6381188199489187
2162,0.2799702165494462
2163,0.5429207191515537
2164,0.11951164835650441
2165,0.4639971977646604
2166,0.47515375844232444
2167,0.13747580486677036
2168,0.09429688336186803
2169,0.40602307463960474
2170,0.364636084307687
2171,0.30075993206560314
2172,0.38106589142451575
2173,-0.1738030660473694
2174,0.2905788031530476
2175,0.5256637845961927
2176,0.28094628371767416
2177,0.268471811444964
2178,0.5871389696904008
2179,0.4096198032467715
2180,0.43224742698027185
2181,0.48646871143438
2182,0.469864678070562
2183,-0.047751293858978805
2184,0.38004517990244024
2185,0.21722574085559687
2186,0.44714389023454126
2187,0.05669767846589835
2188,0.4003934409872094
2189,0.5101453955065294
2190,0.2008746771609704
2191,0.3225107675698111
2192,-0.10077996257792599
2193,-0.33207579382261054
2194,0.3244010809309217
2195,0.24829699985428966
2196,0.04340350942400861
2197,0.43986906555461447
2198,-0.11282979683296934
2199,0.31921489501201816
2200,0.396308330747984
2201,0.4265789317855424
2202,0.4301607874618534
2203,0.39229593950707087
2204,0.3269167468157761
2205,0.5076923893945093
2206,0.16858612583661414
2207,0.3487729760553886
2208,0.35757872286319614
2209,0.07766834334600548
2210,0.1861859852565979
2211,0.41585919586442377
2212,0.665197099505197
2213,0.4652736188647404
2214,0.41250600272214166
2215,0.2020826941968299
2216,0.2919342311720601
2217,0.2713748295967613
2218,0.37272073434419895
2219,0.2207999276471968
2220,0.24096916201446872
2221,0.5177838558543835
2222,0.26222364771967666
2223,0.33154113667513574
2224,0.5810117012795037
2225,0.31053953405079016
2226,0.2971492910741824
2227,0.27468740065829667
2228,0.36123414672569965
2229,0.26956255592274614
2230,0.4804555715990697
2231,0.26308381767163946
2232,0.2869899339853994
2233,0.1712631303948584
2234,0.33300289773349
2235,-0.16125515856329342
2236,0.0465922273481334
2237,0.3038179095328417
2238,0.07494542905056667
2239,-0.16073503221038055
2240,0.35607020334574235
2241,0.3370896142732225
2242,0.46953944037014095
2243,0.3613268829829599
2244,0.45354587359078913
2245,0.6302037253134385
2246,0.46613667264317016
2247,0.3556832104737284
2248,0.20895162640640796
2249,0.5232270766739462
2250,0.21173445712746752
2251,0.21641869307695938
2252,1.0
2253,0.12260659444878064
2254,0.5966532294287241
2255,0.367353219478207
2256,0.47400605826762243
2257,0.3180947697143113
2258,0.3702967016474108
2259,0.34803908332810485
2260,0.37966155688959446
2261,0.43000085189768567
2262,0.24239658893428873
2263,0.12358225250776078
2264,0.33779167456524894
2265,0.04322623968716277
2266,-0.22514752403773108
2267,0.32077379970271624
2268,0.19462940835724196
2269,0.16078014393589113
2270,-0.1384189870570578
2271,0.3598180675836866
2272,0.020221970769749964
2273,0.0714143356823469
2274,-0.9014930099427225
2275,0.37336502844462616
2276,0.14920706354071878
2277,0.19778814340542983
2278,-0.0041702911334251525
2279,0.1512120802769048
2280,-0.4276683711085332
2281,-0.0314297481739394
2282,-0.07228492769405759
2283,0.20535945800132405
2284,0.21001942347453517
2285,0.6429649401302957
2286,0.24602518571319654
2287,0.4266275921803553
2288,-0.3210901792892207
2289,-0.15806668681806968
2290,0.6948139378212705
2291,-0.22859462703984934
2292,0.157810232677412
2293,0.25542459444045296
2294,0.07999696729527672
2295,-0.14668445013949205
2296,0.3190251792392915
2297,0.09064137665030692
2298,0.20649305885643643
2299,0.335460281285729
2300,0.06924089938813749
2301,0.3489891453450773
2302,0.2270592389929782
2303,0.3422283793994818
2304,-0.0491209419061267
2305,0.07659647507110079
2306,0.3959287886297682
2307,0.291892523349236
2308,0.28982079318079124
2309,0.36332797184985166
2310,0.366468050578979
2311,0.027974053863869974
2312,0.20909325089766484
2313,0.4025950346530398
2314,0.29655597471005946
2315,0.06781578902263008
2316,0.2803242787639948
2317,0.3297216259710809
2318,0.13284322778420599
2319,0.18679515902431887
2320,0.26170190564697915
2321,0.3484932529456859
2322,0.02318242457908859
2323,0.2595824246888625
2324,0.02503261091954312
2325,0.33387609535303064
2326,0.4476751146498321
2327,0.21534963781546335
2328,0.20907104517011943
2329,0.3521598006761384
2330,0.2434636949850999
2331,0.035515426007074025
2332,0.18437595543929342
2333,0.42812366683187153
2334,0.21757401073703608
2335,0.017726540925997458
2336,0.26760292730980395
2337,-0.1879021480419678
2338,0.34438974115923626
2339,0.2216457478330005
2340,-0.09184976482017682
2341,0.3472860562499538
2342,-0.2167490304270705
2343,-0.38281664995885156
2344,0.3420886007986539
2345,0.2235326904739683
2346,0.28478972622234777
2347,0.3105498933820967
2348,-0.06260457372542927
2349,0.2233077589546364
2350,-0.1759631014620091
2351,-0.19556026478015054
2352,-0.26784209748912413
2353,0.26432187831449894
2354,0.3761467723592282
2355,0.008717585744026923
2356,0.17319450358789834
2357,0.18807610045827516
2358,0.297333824468375
2359,-0.33034214161119757
2360,0.010432784196878542
2361,-0.14967881085433188
2362,0.09269161311197038
2363,0.28498740921859733
2364,0.11542492439191299
2365,0.05745606160728034
2366,-0.2821076294755315
2367,-0.33766166868631786
2368,0.1791164241651062
2369,-0.07462136315414869
2370,0.3003221915420562
2371,0.33416045574659137
2372,-0.27876850950327203
2373,0.2615794623241774
2374,-0.3324152713908872
2375,-0.32990103596184195
2376,-0.2886740082639816
2377,-0.16055550077479197
2378,-0.35504244924465567
2379,-0.26479870714158904
2380,-0.5172483263508196
2381,0.042793347251398384
2382,-0.18085403337890815
2383,-0.2503162949058505
2384,-0.017564027434397556
2385,-0.15923752307781336
2386,0.1590374388206537
2387,-0.46664280633704736
2388,-0.10213023304142876
2389,-0.1564830371257897
2390,-0.20137028410703806
2391,-0.21641706685816875
2392,-0.3897533118526316
2393,0.341380854918508
2394,-0.17504878147695646
2395,-0.2200729597969413
2396,-0.14071781727065336
2397,-0.21153854232825464
2398,-0.4462064041841173
2399,-0.3240276469410033
2400,-0.260883556750379
2401,-0.537804516796156
2402,-0.30516751885654625
2403,-0.49543141131035684
2404,-0.17574247960358946
2405,-0.38276331863791124
2406,-0.33243430495814397
2407,-0.028361299764366188
2408,0.359128236499513
2409,-0.3725017969517245
2410,-0.15955956820949724
2411,0.1559957160552834
2412,-0.19758113252881915
2413,0.3778706154622875
2414,0.203785133122814
2415,0.21166262073239128
2416,0.3992674849445399
2417,0.4111712278217996
2418,0.2315554649422802
2419,0.2835344513338869
2420,0.3614846603242703
2421,0.464314300089788
2422,0.445861600438463
2423,0.0411054113565561
2424,0.4207798621177088
2425,0.5861151461265877
2426,0.13768519057343842
2427,0.3608291603837175
2428,0.28198899602523686
2429,0.2629351448431141
2430,0.211800586106623
2431,0.4171171764845967
2432,0.005510494304980407
2433,0.36513285267247997
2434,0.18018125822298803
2435,0.17359219099064727
2436,0.3275801380736718
2437,0.4686186227636666
2438,0.48212038650639166
2439,0.24065651128952759
2440,0.24005081642409176
2441,0.3472585118833762
2442,-0.12177124686061225
2443,0.4055429048632839
2444,0.29025095422500646
2445,0.36734201568574765
2446,0.3948300740220696
2447,0.2644446642931244
2448,0.32448532205041114
2449,0.2794177907417794
2450,0.20366775792744596
2451,0.428990538244282
2452,-0.37021344795204936
2453,-0.34187941371066477
2454,-0.20260021004714301
2455,-0.3362944604230216
2456,-0.17167924331123208
2457,-0.3893641273829799
2458,-0.07405027102029205
2459,-0.3240439453656824
2460,0.05346444823018781
2461,-0.30447668181494236
2462,-0.012919714896806656
2463,-0.3248224517425474
2464,-0.2790101062005871
2465,-0.17833740449537083
2466,-0.058304853016227454
2467,-0.519657679584095
2468,0.3244178077274078
2469,-0.4531876769184202
2470,-0.24676917927555275
2471,-0.13368723597427157
2472,-0.185787243241334
2473,0.2974318441760835
2474,0.3002709907710719
2475,0.1063275905641814
2476,-0.22801945070159668
2477,-0.11677412945393606
2478,0.3673877411021389
2479,0.19944034919112585
2480,-0.047611844876269904
2481,0.5274000061081374
2482,-0.2548287096495946
2483,0.04437885725144586
2484,0.3344612964539333
2485,0.10254177425708888
2486,-0.021924579099657504
2487,-0.3189085875971468
2488,-0.35038327794200486
2489,-0.43035032274337714
2490,-0.16106504792026133
2491,-0.30754735103360487
2492,-0.37708952093893433
2493,-0.15244814428810038
2494,-0.21990163229235937
2495,0.037953109030972376
2496,-0.003379665589884895
2497,-0.40541431596317856
2498,-0.21921955819192485
2499,-0.38433389330569345
2500,-0.43766709683585214
2501,-0.29489395053469813
2502,-0.44432260861831063
2503,0.06126258556609265
2504,-0.2626336275738379
2505,-0.20055300814033827
2506,-0.2855380200970662
2507,-0.22802268577726825
2508,0.3095054439351137
2509,-0.3206677606676489
2510,0.3684755259016821
2511,0.03097978478128227
2512,-0.3776832245184474
2513,-0.3137683837975347
2514,-0.1210516731742145
2515,0.02218179153987676
2516,-0.336331322908767
2517,-0.2993732495327125
2518,0.3950205190860274
2519,0.0036194523510979515
2520,0.3679997770394565
2521,-0.3778529066588018
2522,-0.42386798488346444
2523,-0.38657620233962087
2524,-0.41441700210116883
2525,0.29973471834116383
2526,-0.03277918663935386
2527,-0.3752372939266835
2528,0.43237386844695314
2529,0.03775261263627905
2530,-0.19550076392787274
2531,-0.6113186874733356
2532,-0.13070335461419547
2533,-0.32587225462567937
2534,-0.2843396874904761
2535,-0.3305109752813844
2536,-0.37495737963009956
2537,-0.39882554543820947
2538,-0.0283602142007795
2539,-0.3947412570835016
2540,-0.11416979049621034
2541,-0.3748803353157678
2542,-0.255771509346177
2543,-0.3231997760744506
2544,-0.0929265154203347
2545,-0.528619301428396
2546,-0.032949216057306496
2547,-0.11218691518852253
2548,-0.09785781280222838
2549,0.39583982121003136
2550,0.41318527110827974
2551,-0.08349537828632725
2552,0.06158468559115016
2553,-0.1983406164084388
2554,-0.3580975829674007
2555,-0.42185726651441313
2556,-0.05520786681150658
2557,-0.13415925523292005
2558,0.5219830836750776
2559,-0.400532867964031
2560,-0.25011643093679614
2561,0.06691282367864604
2562,-0.2537613162689719
2563,0.08433238744650406
2564,-0.28411375274278916
2565,0.4914745784410277
2566,-0.23272067162934906
2567,-0.18851525202144248
2568,-0.05826162451138073
2569,0.46472292700182116
2570,0.2840758517258761
2571,0.4487593961699299
2572,0.3755232016605752
2573,0.47193678956548024
2574,0.6949366965722175
2575,0.01667096482869246
2576,-0.2081382984989295
2577,0.2377261129867556
2578,0.6188407303407573
2579,0.47472179371860546
2580,0.3735343235116182
2581,0.5753074656657746
2582,-0.43206364455675195
2583,0.1847453068352407
2584,-0.3232890246049207
2585,-0.04046481195912721
2586,0.44236166077825767
2587,0.14955315974673655
2588,0.49695243623470753
2589,0.37317307695661595
2590,0.44701166445435203
2591,0.42180367104601935
2592,0.5444587274873625
2593,0.3598329495893562
2594,0.19936688700389582
2595,0.5674545280151795
2596,0.4486405109256988
2597,-0.212345136577621
2598,0.4483584199617465
2599,-0.5258833183725946
2600,0.37091495552319387
2601,0.2866505556624266
2602,0.5186053517918705
2603,0.4697613874646227
2604,0.20387589860002242
2605,0.41392051493240944
2606,0.41407392721168246
2607,0.48976689421339126
2608,0.31752155468886345
2609,0.3098775466194992
2610,-0.31136521136416306
2611,0.1679268625992798
2612,-0.1424486623451675
2613,0.4346546542276788
2614,0.341904625298062
2615,-0.2367012285642034
2616,0.35425225599531696
2617,0.30474783078360734
2618,0.27585559867378207
2619,0.393958396885544
2620,0.08010612096382963
2621,-0.2140151299182773
2622,0.24826284742906823
2623,0.17814980958240034
2624,-0.24697756321774567
2625,0.2935360930534192
2626,-0.26287864975288777
2627,0.2657093739063523
2628,0.21287904270122704
2629,0.2111288490540595
2630,-0.21397097337411097
2631,0.3604804895110607
2632,0.2421418549247878
2633,-0.3724898660511756
2634,0.07511984022625295
2635,0.07644260180265028
2636,0.38998134873639545
2637,0.3912374084203134
2638,0.2841640708083193
2639,-0.3724394463640742
2640,-0.36913870695176854
2641,0.14677074658412237
2642,0.3566530929447138
2643,0.3050100821573234
2644,0.04146823889791107
2645,-0.14110869745619536
2646,0.4248365877411233
2647,0.09264043442913272
2648,0.15088077364349695
2649,0.11539872909844395
2650,0.22519081468031632
2651,0.4091843965435611
2652,0.28851391131823
2653,0.14402963674958813
2654,0.30958207552276606
2655,0.05388378525916293
2656,-0.05319831537756192
2657,0.42499746218403756
2658,0.39717355862015546
2659,0.18409174004256945
2660,-0.2948081045109754
2661,-0.1555560049938165
2662,0.23991756136784947
2663,0.234286944005208
2664,-0.04621633256403512
2665,-0.18886650680743877
2666,-0.28815146752978793
2667,0.267542834470897
2668,-0.29551772199873216
2669,-0.004162730453485808
2670,-0.5589301362825851
2671,-0.22869814965098
2672,-0.2656562919957558
2673,0.27025652210232765
2674,-0.3173687692544601
2675,-0.3896085338347839
2676,-0.13229238202725724
2677,0.39780071429221997
2678,0.11550620877136697
2679,0.21639781089876609
2680,0.1254782573166482
2681,0.2872382173828796
2682,0.404766795524637
2683,0.24520448426446761
2684,-0.023229368736555234
2685,0.26996613138228964
2686,0.19444181610944433
2687,0.3261198767808655
2688,0.05018128946104605
2689,0.2505588409002919
2690,0.4077325369088707
2691,0.2864852606990349
2692,0.37531694934161886
2693,0.00974196310768849
2694,0.6773515543729527
2695,0.18276356564266028
2696,-0.28411046777497084
2697,0.2968365823711334
2698,-0.07645701545969219
2699,-0.3737473371560276
2700,-0.4291504331927204
2701,-0.4492261832436818
2702,0.12779570524859785
2703,-0.3457212043202973
2704,0.5141254381534304
2705,-0.27738371984743826
2706,-0.08178458528933974
2707,-0.35215200510579325
2708,0.30273379088307517
2709,-0.2173537344738068
2710,-0.21836432497873703
2711,-0.37047103086981237
2712,-0.26964028359373793
2713,-0.18857859619600437
2714,-0.46683684240665135
2715,-0.14281969678804207
2716,-0.31879373454222604
2717,-0.19778696700349085
2718,-0.20913274334714316
2719,0.16754559766098298
2720,0.3028551936751005
2721,0.18711507866926103
2722,0.3792182066318954
2723,0.43448995517471767
2724,-0.025128720094097057
2725,0.37023784411910343
2726,0.39996894628024493
2727,0.028443327989526646
2728,0.2238132581605876
2729,0.2876648647465765
2730,0.5154771740298405
2731,0.26461254053170413
2732,0.35000021227196476
2733,0.16812143865152818
2734,0.21265050665230656
2735,0.32072329302635616
2736,-0.10293553126031418
2737,-0.3803144438913112
2738,-0.24622221414232692
2739,-0.21560525823177135
2740,-0.11935643851078837
2741,-0.16749276198714713
2742,-0.20201833901459032
2743,0.42050563211738057
2744,-0.26822036776281977
2745,0.21520608311710476
2746,-0.478772541046558
2747,-0.2546106356894853
2748,0.3243746808352179
2749,-0.2889437661274268
2750,-0.47046947223864555
2751,0.16118316578806335
2752,-0.26366535996701557
2753,0.2683087264528119
2754,0.14704359150428936
2755,0.22589639332562084
2756,0.19516830801251217
2757,0.10940283975374365
2758,0.4352474962755455
2759,-0.21657554486031605
2760,0.41041721307815915
2761,0.5338020847479223
2762,0.3289763395386507
2763,0.26885786148824
2764,0.211356430306048
2765,-0.3884179136513395
2766,0.19690692394044307
2767,0.2548142688849231
2768,0.34051572811243935
2769,0.37765721456922097
2770,0.1958844669445794
2771,-0.38955443429541103
2772,-0.22456254628760552
2773,0.2664218220944705
2774,-0.034915260895367006
2775,-0.5473788333510413
2776,0.30738155016018887
2777,-0.26711112646551605
2778,-0.3182881192668101
2779,0.27495345458381126
2780,-0.49547099035242603
2781,-0.25365994727117813
2782,0.19769591915789841
2783,-0.04713579142743474
2784,-0.388220586980247
2785,-0.4094927720679854
2786,-0.3583905411533602
2787,0.06251687222827984
2788,0.17401155920472933
2789,-0.17583836795149188
2790,0.2731760545089459
2791,-0.2926027455870107
2792,0.14127755576472456
2793,0.4012348414963238
2794,0.22433996220048935
2795,0.035056702507391346
2796,0.2954583730133844
2797,0.004853494449061024
2798,0.001288839229232508
2799,0.4420987943081247
2800,0.3528649206844938
2801,0.14848239275427044
2802,0.16525697877363288
2803,0.2499065010714363
2804,-0.3422057527257786
2805,0.18686701765072944
2806,0.21521132912211116
2807,0.14779996944239127
2808,0.14149448757616478
2809,0.04492824203984691
2810,0.33595263331172154
2811,0.12183735308364474
2812,0.41268084800292804
2813,-0.014983334357122513
2814,0.3276570683319586
2815,0.37409847307931465
2816,-0.08115736603387902
2817,0.2785345841153293
2818,0.23117235336370068
2819,0.3409634652263216
2820,0.11355093385818948
2821,0.18606296648567944
2822,0.2937479664429563
2823,0.20935355738828543
2824,0.1899213131167672
2825,0.10137826970709729
2826,-0.06861639894391691
2827,0.3644275501545895
2828,0.14512452430467326
2829,0.320065633941339
2830,0.34646419045594246
2831,0.18442152638445242
2832,-0.24044776454118977
2833,0.31779991496773685
2834,0.22694438185331833
2835,0.3303662014986881
2836,0.10782148716146822
2837,0.4989031511989399
2838,0.09860235840780174
2839,-0.15076133824432636
2840,0.11292665956085712
2841,0.29364873204827924
2842,0.055317664964742885
2843,0.28167548250264773
2844,0.20088608374558725
2845,0.16431613225378117
2846,0.2925772732162488
2847,0.22235632327727184
2848,0.2719392216021095
2849,0.2601393982877598
2850,-0.3858805071728174
2851,-0.41142228801596914
2852,-0.39216063850950567
2853,-0.07382761802528537
2854,-0.0652771997415087
2855,-0.30483964727616
2856,0.05726333266161099
2857,-0.2045735818414891
2858,0.2907715106978175
2859,-0.6243706995193383
2860,-0.46633686040012556
2861,0.2057305301491863
2862,-0.40303936046543487
2863,-0.3999187010948023
2864,-0.3720140872867954
2865,-0.23795022351064066
2866,0.16194492599515886
2867,-0.17041739628953823
2868,0.11050034386797924
2869,0.1657386299231136
2870,-0.2842574721830041
2871,-0.23118661118821615
2872,0.05883748331957661
2873,-0.2807850564918861
2874,-0.1097282002232145
2875,-0.35890229854828615
2876,-0.10589629825137825
2877,-0.5069781270528855
2878,-0.1925201622380729
2879,-0.29865113840347957
2880,0.2255939233991886
2881,-0.232375336085186
2882,0.021004614153297352
2883,0.19550199685860759
2884,-0.3451690815496622
2885,-0.1460584817302205
2886,-0.03278506614324472
2887,-0.36547650194607717
2888,0.5870618087552857
2889,-0.06832495323328058
2890,0.40957719331325015
2891,0.4066091257895206
2892,0.4112263274697199
2893,0.5755636978660341
2894,0.06687224597025399
2895,-0.024173510258193587
2896,0.4648593627056954
2897,0.3776077090126282
2898,0.34484476979296086
2899,-0.06070865255450719
2900,0.443664847923839
2901,0.44038451904806397
2902,0.1797769085403773
2903,0.7279642022937141
2904,0.3552827727831238
2905,-0.14917616936200773
2906,0.24311486916095748
2907,0.4920581307929033
2908,0.31582697425043227
2909,-0.032255696522281996
2910,0.12849773061217395
2911,0.2577326951366883
2912,0.06505698093422252
2913,-0.020421108555520262
2914,-0.3226054202343883
2915,-0.053438175455190584
2916,0.229105074262983
2917,0.3429534866272721
2918,0.26749562062833343
2919,-0.2145256524629079
2920,0.4929871950836129
2921,0.18487006111919269
2922,0.4394275308288116
2923,0.6112499115848409
2924,0.5236706352987943
2925,0.37483631063555056
2926,0.316242854003989
2927,0.2468237082980267
2928,0.5755299596532599
2929,-0.15206303660832132
2930,-0.0932289063812376
2931,-0.35618462076206914
2932,-0.23229677605502264
2933,-0.2878859953896692
2934,-0.0022314116704602593
2935,-0.2761169171021717
2936,-0.2810263335831018
2937,-0.478412860288971
2938,0.2099137439357548
2939,-0.14310761222586732
2940,-0.31706251818350617
2941,-0.14623626423933844
2942,0.47511324966105883
2943,0.18803956061476423
2944,-0.21640806650195932
2945,0.47913574489365285
2946,-0.029353475704695375
2947,0.18440249213926752
2948,0.4861374296801144
2949,0.04504915526063247
2950,-0.013547257471384189
2951,0.452995620356613
2952,-0.15885618119765665
2953,-0.2646544856151809
2954,0.1471760216467337
2955,0.230751842993125
2956,0.2730191366937367
2957,0.5589260232142468
2958,0.5664807022090865
2959,0.42119220228073573
2960,-0.07338405171733553
2961,0.04028914815746032
2962,0.4919288003884339
2963,0.24434278560856293
2964,0.027590572843317007
2965,-0.3422774884891211
2966,-0.42720057982122384
2967,-0.16996837389901498
2968,-0.42518367196051066
2969,-0.3045678322155694
2970,-0.19884612414946934
2971,-0.2149366164212052
2972,0.48756683906755893
2973,-0.1745473510733001
2974,0.353310236664216
2975,-0.36862495067241097
2976,0.05272964335764496
2977,0.22205649446284248
2978,-0.06623180015037067
2979,0.10919052855906686
2980,-0.021681734493099403
2981,-0.3957816343498529
2982,-0.03538859652529036
2983,-0.22276511296062884
2984,-0.535118295439165
2985,0.24582588909889536
2986,0.2503413136747199
2987,-0.49085045434973673
2988,-0.4870329183685841
2989,-0.2914837940648828
2990,0.10667132263453127
2991,0.2571417241563114
2992,0.0858999909981557
2993,-0.037955575108382655
2994,0.6368957692385229
2995,-0.010692039980152557
2996,0.29606376249753086
2997,-0.29196308439932506
2998,0.4622431942977745
2999,-0.10825509477593698
3000,-0.09890529570661899
3001,-0.17056273421746393
3002,-0.16033839480527157
3003,-0.43302834049413286
3004,-0.10700369068371662
3005,0.39008898703033434
3006,0.3722936087738957
3007,-0.2832336794872474
3008,-0.6145665810802615
3009,-0.1494144061836845
3010,0.6604407656688691
3011,-0.4226624959587112
3012,-0.41032721383381643
3013,-0.14396150407226094
3014,-0.2887531489244778
3015,-0.058826133490653576
3016,-0.08223759650745555
3017,-0.5005761008483083
3018,0.2534939998848784
3019,-0.3090279811053739
3020,-0.39422347586082906
3021,0.20625731541667314
3022,0.6107695839806329
3023,-0.4595235382746041
3024,0.09695166012624457
3025,-0.3479086356197032
3026,0.32640723204000466
3027,-0.3530078392568893
3028,-0.201860016750956
3029,0.4883182052972572
3030,0.027336188816619478
3031,0.33688475083955405
3032,-0.39077912042675056
3033,-0.39045281329437154
3034,0.2738750323623138
3035,0.2957579376933519
3036,0.0260880001389725
3037,0.35873317314419073
3038,0.28519800329036626
3039,0.44806755098079765
3040,0.13479900551152735
3041,-0.2453612826124858
3042,-0.11725511512943076
3043,-0.42641890584918574
3044,0.5317396998462638
3045,-0.4417181669211562
3046,-0.27704748764318454
3047,0.24161115370528408
3048,-0.5512964614328731
3049,-0.2143334232974189
3050,-0.039882120262113574
3051,-0.3488348084161853
3052,0.07006357584689504
3053,0.36864161372618454
3054,-0.34646115616975925
3055,0.5060644062621111
3056,0.4727904857639129
3057,-0.5792156812125216
3058,-0.20156404294435604
3059,0.2991360090069777
3060,-0.01567429628410788
3061,0.10636046259498522
3062,-0.20858742156581467
3063,-0.38952417149362784
3064,-0.05573157180535748
3065,0.3808455533243249
3066,0.33370845603985844
3067,-0.1704815162936555
3068,-0.36060524224804014
3069,0.0861490915278964
3070,-0.25986868201589397
3071,-0.24180817207266925
3072,0.6510332461930877
3073,0.47561929697528793
3074,-0.37121201179303653
3075,0.12716874739415118
3076,-0.4106240851559083
3077,-0.39122005959229456
3078,-0.03838262092065403
3079,-0.13800380713619598
3080,-0.5012090857207561
3081,0.41457908713011027
3082,-0.5144852750427946
3083,-0.0030173332305388767
3084,-0.30522413239816715
3085,-0.6895248344820994
3086,-0.246792386564749
3087,-0.09126556590250545
3088,-0.18936459652696724
3089,-0.3909706896379912
3090,-0.11927880145998326
3091,-0.2346986451637587
3092,-0.28248407547844623
3093,-0.22497289767035888
3094,-0.3295960432952768
3095,-0.06316185027471621
3096,-0.0917177932251313
3097,0.44642846691056093
3098,-0.31009616025152054
3099,0.39792712516085427
3100,0.3412285623104847
3101,0.11268046895548856
3102,0.24719865623947657
3103,0.37051315548006714
3104,0.29245237262161483
3105,0.21681594140476523
3106,-0.3472301723290935
3107,0.3107797228137468
3108,0.3447837943190408
3109,-0.14634514379340136
3110,0.06700207194934782
3111,0.41797681703167444
3112,-0.19474374210910306
3113,-0.2562334444706218
3114,0.46618010811434707
3115,-0.3869419657976476
3116,0.40928119649447203
3117,0.06324879448277798
3118,0.050217157779028465
3119,0.23823513608273972
3120,0.30109344967990403
3121,0.6517108458858893
3122,0.4577493957973837
3123,0.4346113142877097
3124,0.06352531406179929
3125,0.3872378088991062
3126,0.6728531784064062
3127,0.45275065106160817
3128,0.5000528127681612
3129,0.697532819042052
3130,0.641215251704917
3131,0.2323691928868168
3132,0.5228741026743919
3133,0.5824844057290677
3134,0.31923430049042434
3135,0.4630722775020737
3136,0.1931150760954199
3137,0.35580514913761285
3138,0.397411355590056
3139,0.7155920851970132
3140,0.7156876581879077
3141,0.15577607544082595
3142,0.48858801867855917
3143,0.2556575060941251
3144,0.035586902161921286
3145,0.2747082024104486
3146,0.6976939919422092
3147,0.3217842122773411
3148,0.523032162013841
3149,0.5398488017329355
3150,0.17714312197588034
3151,0.7454889197792107
3152,-0.005955215162641747
3153,0.5436559747642082
3154,0.5089238602780408
3155,0.3691726023343578
3156,0.27662151302283955
3157,0.03971412762408577
3158,0.3530238396808565
3159,0.26709995779133844
3160,-0.06118729591599792
3161,0.36717054446859243
3162,0.3121121250679597
3163,0.4223089178410462
3164,0.3363493722337285
3165,0.3218228134054868
3166,0.2934017343037889
3167,0.32820850173398
3168,0.19291394839823384
3169,-0.0006675962530789947
3170,0.38186863625904155
3171,0.13166112004764208
3172,0.5027812024908873
3173,0.3759520611456415
3174,0.6444076391998363
3175,0.010440166647700755
3176,0.41712656826494765
3177,0.45736617350021813
3178,-0.7357461068133758
3179,-0.3549363747561186
3180,-0.3371167643322692
3181,0.12015033862624414
3182,0.18341731504403747
3183,0.4104091285205047
3184,0.1824509072095546
3185,-0.16005666537190444
3186,0.20283634511815607
3187,-0.21833386883153394
3188,-0.15846666335863613
3189,0.43102237062712834
3190,-0.17758657792373067
3191,0.25913993075685493
3192,0.20928281887853228
3193,0.4287233479724373
3194,0.4573443644189674
3195,0.32652571164180566
3196,0.5118415241440588
3197,-0.38280972820997405
3198,0.04508955902066014
3199,0.46206740297293036
3200,0.44475665723607904
3201,0.3314308464825937
3202,0.2577433430640288
3203,0.17138706144153537
3204,-0.08747363254894025
3205,0.16833684294250761
3206,0.5819673758624768
3207,0.460624290064346
3208,0.42778889461405045
3209,0.55947290597129
3210,0.036330430393638924
3211,0.47803039015944604
3212,0.7109914498536114
3213,-0.1352035233337907
3214,0.6990069146858757
3215,0.20505689528217608
3216,0.32967301762451995
3217,0.18187578502591606
3218,0.37753029907045277
3219,0.6426139397415365
3220,0.5477525585006262
3221,0.5723552177074245
3222,0.021754006343964738
3223,0.4973861078801065
3224,0.08738814215329538
3225,0.47058342034989975
3226,0.13714275607942583
3227,0.7604043329651893
3228,0.3455016546435017
3229,0.08021478840088259
3230,0.5499419579408789
3231,0.1826778367232802
3232,0.3484292362413879
3233,-0.3412398202629562
3234,0.12217622221646063
3235,0.6449189007492655
3236,0.06844883536532587
3237,-0.19112312380069796
3238,0.0796293891032962
3239,0.329888807161145
3240,0.43251048411263104
3241,0.34782969430374266
3242,0.022755625566308613
3243,0.3972162370981862
3244,0.343318782747543
3245,0.2988896768780116
3246,-0.09975169036576437
3247,0.018806331692877265
3248,-0.3207247819498633
3249,0.19818494014870658
3250,0.40484657651228106
3251,0.4416698798463674
3252,-0.43851180614770646
3253,0.41696286790073733
3254,0.5228994383124801
3255,-0.39507654872864795
3256,0.6144059693412884
3257,0.35070282127553476
3258,-0.15046457276709702
3259,-0.17000624304641432
3260,0.2151334725375489
3261,-0.17447383954862838
3262,-0.029668419277899094
3263,0.3044599755025368
3264,0.26567241571227873
3265,-0.2909650470563898
3266,0.5842579842947306
3267,0.23484217031998522
3268,-0.18450758028684588
3269,-0.3641027134750815
3270,-0.41454240072910176
3271,-0.32574183952752667
3272,0.12251824434381509
3273,-0.06073741992663639
3274,-0.3035814534618406
3275,-0.2171211293773767
3276,-0.476892889298675
3277,-0.5453020465629485
3278,-0.4840263769229328
3279,-0.571221166165141
3280,-0.15956222995850167
3281,-0.15317637538873374
3282,0.23334395333776592
3283,-0.2838794950873963
3284,-0.23787543765506536
3285,-0.37070622310830137
3286,0.10496605985379692
3287,-0.45636571852918084
3288,-0.07190243094953441
3289,0.10361046873573465
3290,0.5138136207263846
3291,0.44788033449981013
3292,0.11922656016271627
3293,-0.07863394173162408
3294,0.06726008093550462
3295,0.5950356984700234
3296,0.341628003719332
3297,-0.09505070895864176
3298,0.03803150836214386
3299,0.2626731357659735
3300,-0.30520393334688145
3301,-0.34914920385339043
3302,0.46205910947093587
3303,0.3397576007134675
3304,0.2860705915292103
3305,0.23601713068825592
3306,0.6254085079102643
3307,-0.30315661277430617
3308,-0.3164975759050931
3309,0.2387540770825296
3310,0.6407641832127435
3311,0.2715602901045093
3312,-0.032123206407813076
3313,0.258462809057336
3314,0.07765734706480809
3315,-0.21659015821121375
3316,0.28186706448953514
3317,0.09800737057325182
3318,0.4367877442992527
3319,-0.0121469593057284
3320,-0.10000056639880128
3321,0.46945199190285836
3322,-0.026142387898614783
3323,-0.2893220108767246
3324,-0.14158879093352694
3325,-0.02366735832728306
3326,-0.05309026038410802
3327,-0.27731317477363004
3328,-0.37953289483425
3329,-0.5244026799361302
3330,0.11112007595197149
3331,-0.06537121184689687
3332,-0.3011677073630883
3333,-0.3592331181106483
3334,-0.24566193559918326
3335,-0.16712072197582717
3336,-0.07648570221472617
3337,-0.3442959181546744
3338,-0.5072997345379988
3339,-0.17685532974685447
3340,-0.2046233402413219
3341,-0.19251212448937327
3342,-0.25190477514670717
3343,-0.11659303672088739
3344,-0.27902438685465114
3345,0.4473399829758855
3346,-0.3660501796553144
3347,0.10761215618031006
3348,-0.04239137832426443
3349,0.2476092212301233
3350,0.2412085988829653
3351,-0.35518793866709164
3352,0.23486019476148634
3353,0.018523308182577303
3354,-0.2764770699680621
3355,-0.21110991944631297
3356,-0.24977882280705688
3357,0.402689368587432
3358,0.2487701910131912
3359,0.5341965240448459
3360,0.2754053849528375
3361,0.17246419912022493
3362,0.13854420173032422
3363,0.36304986624588587
3364,0.21828044849620776
3365,-0.19806279402610194
3366,-0.1879937234627458
3367,0.1677235030075659
3368,0.22777763160479858
3369,-0.2565116209877264
3370,0.282510110657485
3371,-0.1303653522941619
3372,0.6150859719855966
3373,0.25698178655916326
3374,0.6799220142582865
3375,-0.08800817085163526
3376,0.3978665631036369
3377,-0.3362064270712837
3378,-0.1879377808376057
3379,0.44144392765949747
3380,-0.08046349655165397
3381,-0.2281542222159344
3382,-0.3227951938911552
3383,0.1017983251775052
3384,0.24065397893284168
3385,-0.21194260005274812
3386,-0.446499604147394
3387,-0.23380044237462005
3388,0.09622055870759594
3389,-0.049181503568257456
3390,-0.21484265766484723
3391,-0.4797514257102895
3392,-0.17964733937973842
3393,-0.3581053829641936
3394,-0.25018780984099087
3395,-0.38336070150379664
3396,-0.23285350025865303
3397,-0.25651085056721235
3398,-0.36211822883079015
3399,0.004884364401154251
3400,-0.47398039766763833
3401,0.057619434927597135
3402,0.28088206295716445
3403,-0.040871391103080024
3404,-0.0021019303711810045
3405,0.1872725722920381
3406,0.3713390851543066
3407,0.2900872953572122
3408,-0.2262866231249394
3409,0.06677550459969384
3410,0.09896446480280408
3411,-0.22436816527869818
3412,0.530231447318354
3413,-0.47049138261283274
3414,0.047475931135891214
3415,-0.04322906279060157
3416,0.2786120916752537
3417,0.41790428077990804
3418,0.10581544694967704
3419,-0.19839543655339387
3420,0.11825017747635291
3421,0.6046711237248481
3422,-0.27123617374792164
3423,-0.12902841856432845
3424,0.6022554385971906
3425,0.24792334662748283
3426,0.12560122584031896
3427,0.5330328685814114
3428,-0.11389743995921953
3429,0.23373547139876982
3430,0.2829722226596536
3431,0.2982415818998052
3432,-0.40636886736037614
3433,0.34437887951533863
3434,-0.12943692129470008
3435,0.09450246218882508
3436,-0.3335784926445241
3437,0.3202883672458876
3438,0.22324152354734772
3439,0.37950448090585565
3440,0.3347892928238174
3441,0.3337183365139613
3442,0.27520337652467
3443,0.3113316788576719
3444,0.09948245709496883
3445,0.21033139021729363
3446,0.24493800327474324
3447,0.3781763883209244
3448,-0.05000038634133741
3449,0.2174457271434056
3450,-0.2631540645065851
3451,0.2158978970001748
3452,0.35765361453530886
3453,0.10484455928702063
3454,0.28617430372619834
3455,0.37793101166207954
3456,0.33139622769161203
3457,0.26847199286911994
3458,0.326963388230912
3459,0.04152984075212407
3460,0.13185416664198946
3461,0.20273870959860396
3462,0.31161106931694493
3463,0.3908310181818968
3464,0.3085587568945696
3465,0.2359543336993788
3466,0.11792642034919076
3467,0.3861978724015389
3468,0.25940167743201403
3469,0.33526098511416946
3470,0.37191266980720283
3471,0.26919940785559504
3472,0.3988339094944775
3473,0.293843374536795
3474,0.43221846958632626
3475,0.24262964143334953
3476,0.14587276842951535
3477,0.15255053692087728
3478,-0.15165185298592065
3479,0.011947985559838559
3480,0.1240105061854817
3481,0.3459525103886727
3482,0.10404597608053279
3483,0.332973236496539
3484,0.00921733631684174
3485,-0.15303786969363598
3486,-0.10692573155996199
3487,0.3382304205141011
3488,0.18838208477790763
3489,-0.13497997814671814
3490,0.3187211479160197
3491,0.2174178456074216
3492,0.152028263076047
3493,0.18751677314973159
3494,0.3777420117129713
3495,0.29652544743858544
3496,0.3383331588722498
3497,0.2895970470744067
3498,0.41059918307216003
3499,0.25496560140063784
3500,0.24130598694463412
3501,0.32395853412739073
3502,0.2228301448372616
3503,0.28293829174754115
3504,0.3730304327845406
3505,0.28015185173489865
3506,0.23670712101444535
3507,0.3658746344962398
3508,0.4864100567669054
3509,0.30879693547301224
3510,-0.12186775163478014
3511,0.318562352868365
3512,0.21139354520015075
3513,0.21668981837892054
3514,0.12708518947285152
3515,0.07911010118056194
3516,0.1805260844795089
3517,0.28084996757784886
3518,0.3667528465395171
3519,0.05339819114607347
3520,0.10381878992753735
3521,0.29471847678131735
3522,0.3128955775751485
3523,0.2597354248878141
3524,0.3528233841875874
3525,0.32607066760443737
3526,0.29632090019947155
3527,0.3461891911909851
3528,0.396187796499059
3529,0.321666414847114
3530,0.15366268687369078
3531,0.1314198535649571
3532,0.33402563523153694
3533,0.29189558446201747
3534,0.3721711568401955
3535,0.13069092608289878
3536,0.4338766711652995
3537,0.2504644934649063
3538,0.16684558806658223
3539,0.21936112501353344
3540,0.3481584237733686
3541,0.5323580813196789
3542,0.3625586381764101
3543,0.07878713018455796
3544,0.3389554669662407
3545,0.28281482233287614
3546,0.40059324127721774
3547,0.2886112982071185
3548,0.3809994288842631
3549,0.38514970479414057
3550,0.3486040447721961
3551,0.3562203939192865
3552,0.3920820125872311
3553,0.4295926156441998
3554,0.5050037746125597
3555,0.23331603487402752
3556,0.36358185659993647
3557,0.3417693014662173
3558,-0.051933764798189785
3559,0.36314926122808844
3560,0.23558353145157818
3561,0.43177048688432995
3562,0.4666655171298446
3563,0.10734483281582974
3564,0.36212978065210377
3565,0.446885795430106
3566,0.41902410098256926
3567,0.26711589392049584
3568,0.33034887177860206
3569,0.2646858611322296
3570,0.3400592438886172
3571,0.03146683790042615
3572,0.12133934104139277
3573,0.3090618323691807
3574,0.45322711345195765
3575,0.19999677124976079
3576,0.20228354144408467
3577,0.21416737096593863
3578,0.4804086771015448
3579,0.3867064962295128
3580,0.14777508243708581
3581,0.40623080912469134
3582,0.022662475930927295
3583,0.44815129051716873
3584,0.0003610174174186742
3585,0.003914094877725427
3586,0.4653446322315242
3587,-0.18984196709576406
3588,0.3876382061888053
3589,0.432716021681413
3590,-0.29821125470149823
3591,-0.19571733955757442
3592,0.11259825589502603
3593,0.1613784410618233
3594,-0.18998372284705922
3595,-0.10102879706563295
3596,0.3940278718134307
3597,-0.225253494079651
3598,0.2607706045337925
3599,-0.4104011729374394
3600,0.403048293709795
3601,-0.04133604102151822
3602,0.26741728692327404
3603,-0.3500530155666869
3604,-0.04887178703474482
3605,-0.25071098086836907
3606,0.3330613034721239
3607,0.4254391900452883
3608,-0.3939894136345251
3609,-0.024885107229586256
3610,0.39004215026382627
3611,0.2960073667597283
3612,-0.17723447812089366
3613,0.463534961588316
3614,0.31726408620844904
3615,0.03191486270668564
3616,0.37856135782045186
3617,0.17026496819265424
3618,0.24666020028212898
3619,0.4582167562616468
3620,-0.05924841803623038
3621,0.5298511655968212
3622,0.31274032786401773
3623,0.3491327405702249
3624,0.15696150181231983
3625,0.4002586737915488
3626,0.40189623881061864
3627,0.46626514775018824
3628,0.27892081696517135
3629,0.4402144636608951
3630,0.4822784698695497
3631,0.2885557278981563
3632,-0.10086137647743532
3633,0.24243505494473339
3634,0.23914090748393657
3635,0.40613738968621815
3636,0.3338268602934664
3637,0.42207614919957437
3638,0.4417334172501912
3639,0.22545413175555673
3640,0.33330225772536437
3641,0.5317379732613816
3642,0.3657745634881384
3643,0.3240881930761206
3644,0.23500495651695852
3645,0.364204657942365
3646,0.37362259725627456
3647,0.35557612322487064
3648,0.417538931003665
3649,-0.3070740777680523
3650,-0.2512108045582023
3651,-0.42102213543958555
3652,-0.297312284829918
3653,-0.14601359835825622
3654,0.2338519571570803
3655,-0.1726033852251604
3656,0.014522294891182064
3657,-0.10647588400134267
3658,-0.07646763432560777
3659,-0.26947958369606506
3660,-0.3276019710693665
3661,0.13040923809315608
3662,-0.40564197046393424
3663,-0.24167132652211454
3664,-0.2675584361558805
3665,-0.1550931602234591
3666,-0.21097699354281096
3667,-0.40854106172784976
3668,-0.2417109477437095
3669,-0.4605726401642267
3670,-0.23471874551702432
3671,-0.18523668448761033
3672,-0.4613143187790063
3673,-0.22271728036248717
3674,0.2772700488779143
3675,-0.22741359738616562
3676,-0.5516196711358748
3677,-0.35350159182081264
3678,-0.39275443722041514
3679,-0.16512833588000697
3680,-0.3126301052047167
3681,-0.35727292634470054
3682,0.2913276528685742
3683,-0.41064107448132037
3684,-0.2755737328098601
3685,-0.2955163642548062
3686,-0.3349138215323859
3687,-0.3433959485097091
3688,-0.4255300690605268
3689,0.23966047059193607
3690,-0.11946313372877881
3691,-0.19235416064391997
3692,-0.2790720611651817
3693,-0.4616389016744924
3694,-0.3171020561535952
3695,-0.09546063228461421
3696,0.4284456071038041
3697,0.4157246187989154
3698,-0.22077582383959815
3699,-0.28053690190777403
3700,-0.30306036841412765
3701,-0.16231023726990113
3702,-0.36145089847706124
3703,-0.47894421678833377
3704,-0.2835948658156868
3705,0.6333386061951805
3706,0.28451770636860063
3707,0.13842326833795693
3708,0.2914309326104998
3709,-0.2643577497602718
3710,0.3151889476061165
3711,0.42146934539635517
3712,0.36391493893665205
3713,0.4705733918663484
3714,0.4351543826262372
3715,0.4384415025714554
3716,0.44534084372178206
3717,0.18987174345830105
3718,-0.26728215785599785
3719,-0.30148639651338205
3720,-0.24288361305581063
3721,0.48487242176227796
3722,-0.3746111919119428
3723,0.437454813879399
3724,-0.21417493128061715
3725,-0.2776694255499562
3726,0.502988840838835
3727,-0.24225447697819957
3728,-0.09193413762708458
3729,0.10160243317604012
3730,-0.1008780087447213
3731,-0.28878027593657674
3732,0.6738406381236606
3733,0.5382256321729535
3734,-0.14082080598812863
3735,-0.5763039172477806
3736,-0.25631219459906995
3737,-0.3774148493565098
3738,-0.28733783323934203
3739,0.2954229632327332
3740,-0.07775794757413179
3741,0.21941687151774047
3742,0.46772985879558626
3743,0.5025555772004389
3744,0.3426013604503175
3745,0.5384116487587187
3746,0.4943718553036034
3747,0.2368762972423739
3748,0.4046853748441557
3749,0.3146834185764251
3750,0.4546949888389651
3751,0.5038755751431137
3752,0.4028026698106959
3753,0.4594363071575698
3754,0.418972029717817
3755,0.2867497289312573
3756,0.41433702668117145
3757,0.5590680280657001
3758,0.4373894775728966
3759,0.2871548260033916
3760,0.5008208262375078
3761,0.3546709258780796
3762,0.46383626163005554
3763,0.31325008857459147
3764,0.22406314342122435
3765,0.04705010469449711
3766,0.3527422894290688
3767,0.39150288172587233
3768,0.4293915091575018
3769,0.37365010873975146
3770,0.24759167597823684
3771,0.21047250975979326
3772,-0.2288122113870925
3773,0.41560732873238426
3774,-0.15456939995822416
3775,0.20822563417803308
3776,0.32177269652704377
3777,0.4217409464031585
3778,-0.3515462892232796
3779,-0.3724054192429277
3780,0.2793976974484207
3781,0.4063951879028844
3782,-0.07750360608102469
3783,0.5145683272082346
3784,0.3913309208678464
3785,0.3546555578119728
3786,0.29038175110518005
3787,0.4181568384360892
3788,0.3102503341743825
3789,0.14902583242449152
3790,0.38930772121331003
3791,0.11401884939415119
3792,0.4560176424280158
3793,0.5742036981312268
3794,0.5227827580611775
3795,0.3788578841036072
3796,0.33115942498639694
3797,0.33342653001896205
3798,0.602372802636902
3799,0.5552520294757166
3800,0.3780687168001846
3801,0.21953434721589615
3802,0.37469920237621546
3803,0.3687710919769773
3804,0.42333208314154036
3805,0.5351797211113816
3806,0.4265038579848306
3807,0.31014643841898915
3808,0.4495214922080859
3809,0.417884412053374
3810,0.32905565957321725
3811,0.42621810692717355
3812,0.322004899295794
3813,0.25358961207351616
3814,0.28414351200041277
3815,0.06964200483853822
3816,0.26463719600807756
3817,0.4266357919664656
3818,0.428530053406045
3819,0.09998057750954481
3820,0.4346558724556675
3821,0.5305476513338105
3822,0.4521530392535611
3823,0.33090061138661575
3824,0.45093781183482284
3825,0.5610988598695217
3826,0.40580289581785656
3827,0.3802242263597473
3828,0.3638642865603814
3829,0.41772448391157124
3830,0.467879233631459
3831,0.5189198567597944
3832,0.5143561474185523
3833,0.5098304629794745
3834,0.36320513271849264
3835,0.34594233897885096
3836,0.13419012702304145
3837,0.3659652329649665
3838,0.45935151304647537
3839,0.13351949365666282
3840,-0.28209066400437366
3841,0.4396544146463115
3842,-0.3910942465121554
3843,0.13371806954953813
3844,0.43166481912971433
3845,0.039033507666227374
3846,0.4192352438997553
3847,0.2538367293730861
3848,-0.13271315755883117
3849,-0.31802377605802845
3850,-0.3304616278379572
3851,0.4908571397567665
3852,0.12766207282985365
3853,0.24781839697264751
3854,0.5132892944591376
3855,0.46458537091460994
3856,0.44283954807256043
3857,0.41997853001604923
3858,0.27679399589717857
3859,0.30687417240003434
3860,0.12268559923861355
3861,0.3736116378010106
3862,0.3722456900056754
3863,-0.31179318246510845
3864,0.6418033968665775
3865,0.5658596237211104
3866,0.30275659571862445
3867,0.3269097796281064
3868,0.5372056570045873
3869,0.08093997876577319
3870,0.5454903498694765
3871,0.3439292932544964
3872,0.3384465920357178
3873,0.4643598931224453
3874,0.450291445658088
3875,0.38465962976261037
3876,-0.3991161668041019
3877,-0.09789640656952936
3878,-0.2739929464128059
3879,-0.3664293781396447
3880,-0.2970719218749238
3881,-0.25641905972905754
3882,-0.29107930867178256
3883,-0.33448397906916627
3884,-0.4210991798887579
3885,-0.409191641794702
3886,-0.25890672692188466
3887,-0.37197807648552295
3888,-0.2728629567732771
3889,-0.39360025862510295
3890,-0.1330812894121005
3891,-0.28826163464393273
3892,-0.24963546053117158
3893,-0.2416513831042173
3894,-0.32547469968055764
3895,0.46543660316365876
3896,0.5604173331402118
3897,0.19226674504622654
3898,0.3438792110767881
3899,0.5218047335260783
3900,0.21574647961431115
3901,0.04648351126146988
3902,0.25715650802893086
3903,0.4259206931162236
3904,0.5776644729886664
3905,0.38036101603482697
3906,0.29534059330110796
3907,0.3624747133711519
3908,0.31955472060559353
3909,0.3733519842866926
3910,0.3272143029581762
3911,0.020643845266374194
3912,0.40283232215317866
3913,0.4101683323566476
3914,0.3866957937744282
3915,0.3210607958594729
3916,0.32160678308106894
3917,0.10094363053634137
3918,0.3940733407892538
3919,0.3629431861321555
3920,0.6051282964761395
3921,0.3314302043343309
3922,0.4124397461425793
3923,0.3365973545916774
3924,0.3330505522302163
3925,-0.34279904943536776
3926,0.5463377547682069
3927,0.4380678311803674
3928,0.3522954259674078
3929,0.3163223359820586
3930,0.19775758828844903
3931,0.2778520757174565
3932,0.3665620194817383
3933,0.3530835328759494
3934,0.4337202551381123
3935,-0.09187067320346387
3936,-0.20868067457316952
3937,0.34216456671481854
3938,-0.31836878764729926
3939,-0.20213706328646108
3940,-0.43055668657810353
3941,0.3075061476681218
3942,-0.24035555693647226
3943,-0.37609601172868934
3944,-0.4111850717766463
3945,-0.34125889083270944
3946,0.33939629191009457
3947,0.3033164108134978
3948,-0.012188009916094922
3949,-0.13666728203604217
3950,0.4384161596296732
3951,0.25386080282756307
3952,0.40394727259860597
3953,0.29633694017762635
3954,0.30697684193822017
3955,0.44969049229540237
3956,0.26115535385655986
3957,0.4350892927335672
3958,0.2890874989909038
3959,0.4110816827299164
3960,0.41874039003215247
3961,0.36997156046487256
3962,0.3125155981783243
3963,0.452671421986663
3964,0.39848871223754667
3965,0.21069729768424428
3966,-0.10167705034021968
3967,0.3548515177074829
3968,0.27931304836814164
3969,0.48123364115043543
3970,0.300221781405166
3971,0.3769560728168666
3972,0.26256020809449887
3973,0.158410271745558
3974,0.45824385567550774
3975,0.37675273583358093
3976,0.3429346182245343
3977,0.3696921711691108
3978,0.38871423829125384
3979,0.4093610698358532
3980,0.2744144408063589
3981,0.30286421871151314
3982,0.18687401181546792
3983,0.3714096490659078
3984,0.0028723597017616953
3985,0.40471867972407516
3986,0.13184501392805803
3987,0.20905616593125043
3988,0.4674152414340129
3989,0.49528410709444426
3990,-0.26078121107518526
3991,0.36197361002271955
3992,-0.16692778248364026
3993,0.14118135030477585
3994,-0.1743461174622446
3995,0.37029096070161005
3996,0.09121094788800699
3997,0.33924066790724483
3998,-0.18020819367304564
3999,-0.08213125890950401
4000,0.3546704752055643
4001,0.361244500343755
4002,0.15156558931157216
4003,0.403237061846901
4004,0.4624900629394979
4005,0.1590570269342544
4006,-0.10832768951194816
4007,0.17913882184622576
4008,-0.22080822068698913
4009,0.22714976214244142
4010,0.24848554561256941
4011,0.31837504159913643
4012,0.2853514706634992
4013,0.3194160875905756
4014,0.31507601151259457
4015,0.20837606642556405
4016,0.179850601139653
4017,0.3560975647141382
4018,0.09759150922299042
4019,0.3156523849396926
4020,0.4010253976297542
4021,0.2713162683239605
4022,0.3579856286108567
4023,0.19838253103268033
4024,0.22533075530938707
4025,0.3114289152608485
4026,0.003188179697317217
4027,0.21803361111857988
4028,-0.3225481719287958
4029,-0.24053285072176078
4030,0.021526012720488596
4031,0.0586011618769291
4032,-0.40054509053707565
4033,-0.06895980305077731
4034,0.11340962214279338
4035,-0.0782990052582363
4036,-0.589731936990775
4037,0.30891896446526124
4038,-0.2490096372646624
4039,-0.20897884226184893
4040,-0.26938502224813266
4041,-0.307094597906737
4042,-0.2029448626372531
4043,0.01809865401295263
4044,-0.7801087019996727
4045,-0.2756655074139961
4046,-0.25101758148321063
4047,0.1356306901948472
4048,-0.22222331382866822
4049,0.08074981111290724
4050,-0.11312908829663582
4051,0.22810130084121272
4052,-0.29233891530621914
4053,-0.031767392867595334
4054,0.08168754822489444
4055,-0.05506216183207868
4056,-0.1457677154327226
4057,-0.11524422212207486
4058,-0.2878835269537149
4059,-0.269877473327791
4060,-0.3394206407207706
4061,-0.2579772364188656
4062,0.38347044088380455
4063,0.14875455068894627
4064,0.3572705333354942
4065,0.02593945161506106
4066,0.359592737210104
4067,-0.3135149999543776
4068,-0.3905937462136809
4069,-0.47806372582186796
4070,-0.1493859103317935
4071,-0.12983644383603876
4072,0.045758393745492176
4073,-0.3448460972286862
4074,-0.3156278534305701
4075,-0.07560441622557235
4076,0.20717817520781057
4077,-0.2625145968696587
4078,-0.04793311725643001
4079,-0.045891892588263095
4080,-0.2896818966245319
4081,-0.10848707367202315
4082,-0.22651386275022123
4083,-0.3366903115424078
4084,0.2572597793241551
4085,-0.3188001875020404
4086,0.22925336265287388
4087,-0.14853671340095131
4088,-0.47260794222973124
4089,-0.3624229683716014
4090,-0.49844699901764755
4091,0.05517758798951933
4092,-0.13225056460246098
4093,0.11386552223712165
4094,-0.605556371925644
4095,-0.20813918638125672
4096,-0.6015975088839081
4097,0.28452982816727124
4098,0.05959424973073757
4099,-0.5185075349540231
4100,-0.12053967423589174
4101,-0.29180859819547367
4102,-0.29673379034266956
4103,-0.01927099075427574
4104,-0.16246566848071697
4105,0.04293267895587838
4106,-0.4238948152197549
4107,0.05195876723122028
4108,0.3483361919709127
4109,-0.2503221501241958
4110,-0.047994026731590256
4111,0.17503987128079257
4112,0.40016492767591805
4113,0.2835737115165662
4114,-0.03282089436988722
4115,-0.34485698781556096
4116,0.29638782922538653
4117,0.31577028219448167
4118,0.3222838881935415
4119,0.3636794713169338
4120,-0.037516333278617475
4121,0.250256296005948
4122,0.3212930903261608
4123,-0.3832543743400574
4124,-0.288636714406458
4125,0.33219666380479285
4126,-0.324563098410088
4127,-0.18860565150249664
4128,-0.3457701586703321
4129,-0.4257503435156834
4130,-0.003865795972180064
4131,0.17886741319787114
4132,0.3671253088911559
4133,0.4850027574935394
4134,-0.4988140165993826
4135,-0.2700132418465757
4136,0.10673245029046696
4137,0.03912010450455772
4138,-0.15783004621568175
4139,-0.11579241591527223
4140,0.3015515323497604
4141,0.09701355559723623
4142,0.0005232579305329832
4143,0.31754403368684736
4144,-0.05276955574651632
4145,0.2504984689568941
4146,0.21421784158840862
4147,-0.07359954799747459
4148,0.3496449039840379
4149,-0.09446984127306401
4150,0.019342080400660766
4151,0.3429133659896366
4152,0.3947857710626683
4153,0.38527106594024896
4154,0.27760713698570694
4155,0.17363703359486404
4156,0.2947978188543381
4157,0.34882417474520055
4158,0.27438958419833837
4159,0.31814132359747194
4160,0.17705310054104384
4161,0.010620343698631185
4162,-0.3635977623388029
4163,-0.38899444225984203
4164,-0.008241378346603101
4165,0.2934924123752378
4166,-0.2845242482912549
4167,-0.2486366020668448
4168,-0.1813835675830503
4169,-0.13614249877296647
4170,-0.4737942916524902
4171,-0.3765094880473885
4172,-0.21774061534254996
4173,-0.38101850638620516
4174,-0.21723347630628953
4175,0.23440000074990497
4176,-0.30109915711136437
4177,-0.3601039196883944
4178,-0.31372405128835157
4179,-0.21329729303141276
4180,0.2042621999617551
4181,0.32027751785585434
4182,0.28563025336544845
4183,0.4472576287987642
4184,0.30316120386195866
4185,0.024091038036316625
4186,0.26251774888255164
4187,0.20562030535223763
4188,0.2982341806840063
4189,0.42094478453277695
4190,0.36366654941606913
4191,0.27730293471089595
4192,0.4207476366464731
4193,0.4500847248224902
4194,0.2786733577229683
4195,0.27067628663482224
4196,0.32580090384093796
4197,0.10849731410322594
4198,0.2418717888810984
4199,0.28892258848962493
4200,0.34098216170040585
4201,0.3470389332844088
4202,0.39918102832808033
4203,0.47322677704579785
4204,0.3436979902874582
4205,0.3844914144541738
4206,0.5203770703326425
4207,0.4456344424103078
4208,0.42241818496458405
4209,0.32525408967653546
4210,0.3552237156235307
4211,0.4691543296467833
4212,0.43571811250694936
4213,0.11156031718222392
4214,0.5284541577574731
4215,0.4722547398781767
4216,0.3272386361027353
4217,0.5661725569324814
4218,0.38615674676491674
4219,0.39520471620665787
4220,0.352281829455253
4221,0.3080558771859401
4222,-0.3329512313635451
4223,0.2947048551730773
4224,0.1189358756142227
4225,0.3668961779520341
4226,0.278527928127821
4227,0.3599356812075587
4228,0.3984845364646692
4229,-0.45003250009016715
4230,0.06922036728452552
4231,0.5670125336204843
4232,0.3471062313498259
4233,-0.05628090439938693
4234,0.3305228824004627
4235,0.07527497330731725
4236,0.4196358118654726
4237,0.3382765466471429
4238,0.29788183990800965
4239,0.2704856669469471
4240,0.2001072836148805
4241,0.3622811320969186
4242,0.06430029802586446
4243,0.21223298825830317
4244,0.3796370223039103
4245,0.22569966950198173
4246,0.1625338772977598
4247,0.42474871841091844
4248,0.2864229097782498
4249,0.3827918067654117
4250,0.20197587038106946
4251,0.38759776430159265
4252,0.3901955529310628
4253,0.2662418694589641
4254,0.23172250919764736
4255,0.14608099935245566
4256,0.29147123775972794
4257,0.2257922962736183
4258,0.3503047611759167
4259,0.20547400964085782
4260,0.3719127104407549
4261,-0.007134782570159759
4262,0.29962126653706145
4263,0.33786461001319656
4264,0.3645827847637848
4265,0.013039780829374736
4266,0.07729668217676644
4267,0.2920521423869358
4268,0.18905309104786983
4269,0.2866201740944547
4270,0.3627001743696321
4271,0.27255802124264394
4272,0.003161907505653261
4273,0.3578483523102505
4274,-0.021272718798971746
4275,0.06352734684907246
4276,0.2587561254162829
4277,0.2827362193339813
4278,0.23913984559352452
4279,0.23477227877300288
4280,0.4684746571211684
4281,0.33983078125302946
4282,0.26632694678555713
4283,0.4689830285493102
4284,0.35274935345775926
4285,0.2115981225199155
4286,0.35121570869294194
4287,0.2832814579397762
4288,0.34693279616670103
4289,0.3878045572493747
4290,0.15067978590086173
4291,0.09056342655750882
4292,0.11510100951086866
4293,0.3820785839521197
4294,0.27509602975645664
4295,0.36860824408392223
4296,0.27748286880668815
4297,0.2082314040018669
4298,0.2261123782694685
4299,0.3580518143031026
4300,0.3542862739272292
4301,-0.0698949624513171
4302,0.08865293145916686
4303,0.48286516605328567
4304,0.3119942557997639
4305,0.46641990393443833
4306,0.33369191601473447
4307,0.5267875324342786
4308,0.43484181890191587
4309,0.3797415988992847
4310,0.42949241427383034
4311,0.5125606580649662
4312,0.189991831408876
4313,-0.1424795359377885
4314,0.32402852502155
4315,0.3648731004809389
4316,0.271689643070387
4317,0.1862066129816098
4318,0.12887854504350438
4319,0.27122185410047184
4320,0.4056396754043099
4321,0.40897870903557476
4322,0.30462999738520646
4323,0.3418556336179397
4324,0.28858984065834004
4325,0.17088096552126597
4326,0.2131221154069003
4327,-0.037944832777401905
4328,0.31965633927812087
4329,0.2339175120144823
4330,0.35338871432175534
4331,0.1758970868988894
4332,0.1757456864037268
4333,0.29532306843412126
4334,0.09383771132777019
4335,-0.33863587976464105
4336,0.3275124010457693
4337,0.2343796243007239
4338,0.4838137542852665
4339,0.347172206077458
4340,-0.17231268479411788
4341,0.41575733954328964
4342,0.2980324844791915
4343,0.341198956266638
4344,0.29968464804305306
4345,0.3689011627056702
4346,0.3325098844727281
4347,0.22437290080244443
4348,-0.022151771681006904
4349,0.2516245321007231
4350,0.3271118178234276
4351,-0.17190490624652177
4352,0.4541504107643888
4353,0.38646066153604597
4354,-0.05641153972124857
4355,0.40656079036340964
4356,0.3824816391035697
4357,0.37206407762432625
4358,0.1626340698207649
4359,0.44281248259009764
4360,0.309571433644374
4361,0.3741325451983293
4362,0.2516995989523705
4363,0.29592428474496724
4364,-0.13434716321888474
4365,0.41355512385441173
4366,-0.4800531811980734
4367,0.21612479395714201
4368,0.3633039289640616
4369,-0.29323450493933156
4370,-0.477731477591509
4371,-0.6147053995256561
4372,0.2554752038507708
4373,0.32584791172999306
4374,-0.13260590699326902
4375,0.30404179268435505
4376,-0.22767198859187232
4377,-0.4019127882992807
4378,0.24611145788864097
4379,0.4083328307068228
4380,-0.11750683431638664
4381,0.2125324000244242
4382,0.36301359032707303
4383,-0.10442096177549776
4384,0.14700611623190585
4385,0.2854550027982752
4386,0.31613318303433013
4387,0.12679776170102142
4388,0.4628145951589784
4389,-0.029176109800524763
4390,-0.07641179535930676
4391,-0.2119270046270103
4392,-0.3163481109052415
4393,-0.31192949044315643
4394,-0.17471238650270648
4395,0.32009689280994524
4396,0.08386398908402715
4397,-0.5015974442706972
4398,-0.3616393254047673
4399,-0.4609382322214567
4400,0.1621588664925553
4401,-0.5186347417313967
4402,0.3467018872038248
4403,0.2333149237304073
4404,-0.35743029451416664
4405,-0.14253034513063378
4406,-0.24723453650565763
4407,-0.6583192314824122
4408,-0.05795323657328466
4409,0.24131770207188352
4410,0.45241836547069214
4411,0.3640895383673166
4412,-0.11448768715079982
4413,0.37293179318254843
4414,0.4684161278310557
4415,0.43763926035844913
4416,0.3616579426972497
4417,-0.003256242779490548
4418,0.21296660559385483
4419,0.3474648943015928
4420,0.5022703116348008
4421,0.20800515023811128
4422,0.2873096102689754
4423,0.08341602284062954
4424,0.3969793978383631
4425,0.42947931069789735
4426,0.21554002420246854
4427,-0.11910362362275784
4428,-0.30736480463023796
4429,0.12623880478922267
4430,-0.2508745435430426
4431,-0.27337633701342634
4432,-0.38217432695834497
4433,-0.3559356890308206
4434,-0.43243693950271567
4435,0.23339124701787584
4436,-0.13014241373121382
4437,0.2370929810798139
4438,-0.08150233689093889
4439,-0.20269603095467992
4440,0.3407066614201071
4441,-0.36500326739290845
4442,-0.15022057394638522
4443,-0.13591447558223213
4444,-0.27120445550814676
4445,-0.055264034396974915
4446,0.382828272398013
4447,0.06242391993918672
4448,0.30974065917917093
4449,0.22975744210368898
4450,-0.035936908884816376
4451,-0.42867045996397524
4452,0.4246600929591253
4453,0.4114887206402942
4454,0.362293219582547
4455,0.3256805657058355
4456,0.12263766222522143
4457,0.5622445909910552
4458,0.355218989976988
4459,0.6257227288506781
4460,-0.09118194563531534
4461,0.5000065765956188
4462,0.2751684380312964
4463,0.3333597332510434
4464,0.33544269583339026
4465,-0.22354042951608577
4466,-0.17755102646108067
4467,-0.32599670458566277
4468,-0.39903289159684563
4469,-0.18107787641062556
4470,-0.19472224887291645
4471,-0.29558466319889576
4472,-0.34323849986166777
4473,-0.17290091720402734
4474,-0.09261987119851389
4475,-0.38239109943927785
4476,0.3382496777373172
4477,-0.4662349894081568
4478,-0.43432355742898265
4479,0.025898706662124127
4480,-0.47009192464830374
4481,0.5004569133475445
4482,-0.3201175194769861
4483,-0.31233530757815564
4484,0.449180613256851
4485,0.5811361613422095
4486,0.3000324465123365
4487,0.27680112637824084
4488,0.4441304200306526
4489,0.4119364976853943
4490,0.3192887430147251
4491,-0.41264139330753413
4492,0.049615245606118075
4493,0.06293073275200411
4494,-0.13764230869705063
4495,-0.04297657115885278
4496,0.4300093685202697
4497,-0.21414728987967324
4498,-0.22620378767993732
4499,-0.21602360219599215
4500,0.12204148325000008
4501,0.01096682793574777
4502,0.5349944505841153
4503,0.11874309009899076
4504,-0.31534724620206556
4505,-0.4723046485093718
4506,-0.24794027078128578
4507,-0.15641313982099014
4508,-0.24522304216504653
4509,-0.2645870599664091
4510,-0.0049054637263603595
4511,-0.035663485677286166
4512,-0.5125087621296094
4513,-0.616863165977288
4514,-0.3377227827127971
4515,-0.5052267024880119
4516,-0.31041535590227454
4517,-0.3078353611601672
4518,-0.15700218006198263
4519,-0.4607387446295055
4520,-0.06710797672044622
4521,-0.3478884923736577
4522,-0.061684555067809566
4523,-0.07888272353267545
4524,-0.14933695138775405
4525,0.039592756731587686
4526,-0.07308742282839553
4527,0.29936723823779077
4528,0.03240942164171501
4529,0.23372247127802304
4530,0.37014887282843256
4531,0.1433631569031244
4532,-0.2300500889012823
4533,0.1964909678266955
4534,0.2999357253097077
4535,0.010254697796132639
4536,-0.19326700540871433
4537,0.0003428648185375138
4538,0.3633131582952114
4539,-0.32384603401877876
4540,0.38807903625550777
4541,0.29271658193284167
4542,-0.3156670694235443
4543,0.06224957839565559
4544,-0.3058202670644734
4545,-0.5348060182240764
4546,0.02739874166406797
4547,0.3364156590274412
4548,0.12042784758603453
4549,0.035958907825846875
4550,-0.39535867969586347
4551,0.4455754946058972
4552,-0.3982421927786376
4553,-0.4734551858520204
4554,0.06701068552661549
4555,-0.2996846896913906
4556,0.32362312304266094
4557,-0.3081529358065286
4558,0.26692540611308346
4559,-0.34098408908675726
4560,-0.44875681994331895
4561,-0.2799309941538525
4562,-0.044899301210113096
4563,-0.3839092763459131
4564,-0.05866313613493657
4565,-0.05227597886422708
4566,-0.3743409997406485
4567,-0.3648010024768311
4568,-0.3372698226521208
4569,-0.28041946069837076
4570,-0.3883676316455792
4571,-0.2338724537967214
4572,-0.4266557242636676
4573,-0.37290961888267093
4574,0.1671310596093143
4575,-0.2680685727584786
4576,-0.25561494981330124
4577,-0.4627539703463699
4578,-0.11331635181764266
4579,-0.39779792457568963
4580,-0.1962113446395095
4581,-0.06791236239061826
4582,-0.030417633141517686
4583,-0.2105796754982341
4584,-0.36349607273206985
4585,-0.10154487653042887
4586,0.04526973473465867
4587,-0.17260363158271386
4588,-0.29482565463024024
4589,-0.514074888933454
4590,-0.4976759374894817
4591,-0.2056026574331158
4592,-0.42279720597803516
4593,-0.27690037096075826
4594,-0.189254620003095
4595,-0.09535314362992997
4596,0.19205102731812462
4597,-0.45508518665417663
4598,-0.12428449381933937
4599,-0.5058279180429657
4600,-0.06024542970371294
4601,-0.17351834527795484
4602,0.08676395993685104
4603,0.2204775923194744
4604,0.21415906837949583
4605,-0.10817475962906509
4606,0.39828379831183747
4607,0.24509966839587416
4608,0.48095976343066105
4609,0.3234958456494801
4610,0.2902272939850894
4611,0.2359948236905247
4612,-0.31542272954211226
4613,0.2844128764059515
4614,-0.05873285574977005
4615,0.34199624727794187
4616,0.4818196617323873
4617,-0.11638753974124527
4618,-0.21177778274721404
4619,0.15677190797072793
4620,-0.4396945947760732
4621,-0.18716000690750112
4622,-0.2626311683017467
4623,-0.1650878910750183
4624,-0.3382295855516928
4625,-0.3155398725390579
4626,-0.35000661611023487
4627,-0.24367171224245876
4628,-0.15623126116953157
4629,-0.15626283874568103
4630,-0.08769603927675884
4631,-0.4581255941633571
4632,0.10470039808177933
4633,-0.28682522073350203
4634,-0.4168088663963899
4635,-0.3686734771410206
4636,-0.13703203044990564
4637,-0.3430902786513397
4638,-0.2894540214258682
4639,-0.3822240489579425
4640,-0.18719381741951324
4641,-0.2736060584215402
4642,-0.3529330733860139
4643,-0.3882577269649612
4644,-0.33082910960708034
4645,-0.05636090184070264
4646,-0.2202506823072934
4647,-0.0016093976854228975
4648,-0.2833045703500223
4649,0.11713841224966348
4650,-0.25892114093134455
4651,0.23148782037573623
4652,-0.12605841282762986
4653,-0.3010390723233447
4654,0.3144699291394837
4655,0.0804241881296972
4656,-0.20507409081668082
4657,-0.36414143598522464
4658,-0.16334802494991918
4659,0.041849390583130086
4660,-0.11304162338722445
4661,-0.32957906187423525
4662,-0.2482035557747172
4663,0.3864281681263062
4664,-0.12498795229466841
4665,-0.19708957473104038
4666,-0.4234025036992366
4667,-0.31405764179450446
4668,-0.24636534019171796
4669,-0.3150510911224206
4670,-0.02605190824948478
4671,-0.18868077707857678
4672,-0.3413406143325395
4673,0.1709964281155476
4674,0.27867986524651056
4675,-0.09509248022854955
4676,0.29713199130899115
4677,0.3496258190267345
4678,-0.3284301420528978
4679,0.2123982165602476
4680,0.41471758842595974
4681,0.4584577321074992
4682,0.03830982045869313
4683,-0.18053627543723194
4684,-0.08875539431176172
4685,0.4204045350724892
4686,0.6050459114692199
4687,0.19244599118114003
4688,0.483908095294999
4689,0.42529445196527726
4690,0.3945752144239505
4691,0.5418203886106461
4692,0.30232733685502566
4693,-0.40760063315655315
4694,-0.22469603357507073
4695,-0.3195295606860755
4696,-0.08644673499593358
4697,-0.32050004038665414
4698,-0.25967613120135624
4699,-0.31498031941265814
4700,-0.22956672644488307
4701,0.04462865993965637
4702,-0.3931328353104112
4703,-0.13899434584035986
4704,-0.4101759209885045
4705,-0.18438213386895008
4706,-0.31198336987387654
4707,0.09613200538298416
4708,0.005001184297544148
4709,-0.19763453802015063
4710,-0.3770474998938603
4711,-0.0642398916813689
4712,-0.16661743220616854
4713,0.12038870989808426
4714,-0.3077727744203538
4715,-0.23693038108609954
4716,-0.1305611456310506
4717,0.17768660958689653
4718,-0.19737660812640923
4719,0.2504059752278629
4720,-0.33752305475491906
4721,-0.36347890976976005
4722,-0.0343499414287749
4723,-0.2568084187820592
4724,-0.2574210003483768
4725,-0.2569448166742213
4726,-0.36477603663558367
4727,-0.3017595016901742
4728,-0.12383833718736581
4729,-0.2930676632998671
4730,-0.35575134736355607
4731,-0.28540995497624555
4732,-0.38050765893134697
4733,0.45382270579504547
4734,0.4329032391793166
4735,0.40036729577307506
4736,0.38390758513600165
4737,0.45599620086381365
4738,0.005910685961636464
4739,0.020900866216599923
4740,0.18510815437662975
4741,-0.3188631588156885
4742,0.6157752738727653
4743,0.2782129601522265
4744,-0.40803358558586433
4745,0.08974909738927672
4746,-0.00757411555441545
4747,0.34032001289868874
4748,0.30938906756878803
4749,-0.5241749040572878
4750,-0.3149885956042704
4751,-0.25687345614170864
4752,-0.1505786057506049
4753,-0.30258060993634783
4754,-0.4299277092350302
4755,-0.01392296685144534
4756,-0.2853603914112781
4757,-0.6249722098335528
4758,-0.29799259790608135
4759,0.36906012333808036
4760,-0.2085969031332302
4761,-0.5087437509852362
4762,0.17019647497844592
4763,-0.20010455347558942
4764,0.4580286798321982
4765,-0.6520750188322482
4766,-0.26327276664544885
4767,-0.1430142171784884
4768,-0.39609386893122656
4769,0.24374594515711312
4770,0.4403695957013587
4771,0.4190959198485842
4772,0.31186244642234384
4773,-0.043254665557551863
4774,0.43848028980350673
4775,0.33185587060012356
4776,-0.051374534165861574
4777,0.3973212549982421
4778,0.39911532141949
4779,0.28125915192288153
4780,0.33009802160144286
4781,0.639998908921096
4782,0.5641191772831413
4783,0.17629126365580894
4784,0.3657209712802567
4785,0.5403390974773985
4786,-0.3730556942474136
4787,0.35484839713134164
4788,-0.1884537834255522
4789,-0.5594700041447614
4790,-0.07724364333666822
4791,-0.4674352912344374
4792,-0.45595120069648754
4793,0.10017536852427367
4794,0.2952805498280071
4795,-0.24996553067511817
4796,0.36011946456277144
4797,-0.3349104982559581
4798,0.3201209007693413
4799,-0.1579581430048691
4800,0.4957228950276227
4801,-0.29155721931061374
4802,0.3193884677061434
4803,0.4077121803370811
4804,-0.29093775786075826
4805,0.39115967516191974
4806,0.06810263494269364
4807,-0.3627989349131574
4808,0.07833737835819732
4809,-0.25219370768265004
4810,0.3318751169760692
4811,-0.048318096504442076
4812,-0.1528893375822843
4813,-0.12378018856791306
4814,-0.2848077103713581
4815,0.03429358573683694
4816,-0.41782557376929397
4817,0.5162377934696591
4818,0.2830140384651296
4819,-0.3547515159574509
4820,-0.28926005217997597
4821,-0.31446719624179
4822,0.24810075917875674
4823,-0.2729954669077139
4824,-0.311816803850654
4825,-0.20550435676241374
4826,0.3548228927635644
4827,-0.14216399120898615
4828,-0.2537690682651268
4829,-0.18227752998105706
4830,0.4030138717492755
4831,0.35645875304791264
4832,-0.18946476763929332
4833,-0.4358354894897498
4834,-0.24144264734985454
4835,0.0979441057112147
4836,-0.44326941746967863
4837,-0.28442715776321925
4838,-0.3074143947417818
4839,-0.13441603360021392
4840,-0.03192674378930571
4841,-0.2441282003717682
4842,-0.4768742066516336
4843,-0.19231906518508057
4844,-0.48911135746339907
4845,0.3162285930037392
4846,0.5105977621439002
4847,0.28850337872193665
4848,0.13000106890489205
4849,-0.5167841446271817
4850,0.029609799695073713
4851,0.31146678627375923
4852,0.2268799295144852
4853,0.636660272021287
4854,0.5425201411257878
4855,0.46031045821232364
4856,-0.2506328878268026
4857,0.2794894397066783
4858,0.4198693120038153
4859,0.2889795689233452
4860,0.5009587839914347
4861,0.12201673292654558
4862,0.38424159976609196
4863,0.39844615420601626
4864,-0.5908647988241644
4865,-0.21874593359774197
4866,-0.2243954036753204
4867,-0.4532234216861196
4868,-0.2740935366390539
4869,0.53340056480137
4870,0.36924144682735105
4871,-0.47662041811402966
4872,-0.16862186907513133
4873,-0.15255367777521034
4874,-0.26992300892625176
4875,-0.3071137560867594
4876,-0.04724980205435192
4877,-0.5160342837037978
4878,-0.014546647734819396
4879,-0.5643917103621335
4880,-0.33173807757556684
4881,-0.3841624174080521
4882,-0.29643245380406114
4883,-0.10752638697440065
4884,-0.22803718479364232
4885,-0.1584013744903392
4886,-0.17952404352054685
4887,-0.18377371933816833
4888,-0.3138169824387492
4889,-0.12133036902947625
4890,-0.2100809999919615
4891,-0.4489254545792044
4892,-0.37590512233328377
4893,-0.088766530629662
4894,0.00506171310739667
4895,-0.346604027442558
4896,-0.2751526047549431
4897,0.008197498350122956
4898,-0.2900523442811208
4899,-0.15537290800681658
4900,-0.14943282311520822
4901,-0.4633359322495211
4902,0.15483429353178635
4903,0.3020737962666489
4904,-0.2899699282277868
4905,-0.24620964873243412
4906,-0.4735644772581371
4907,-0.41812018492842085
4908,0.23729365574543948
4909,0.266722551923255
4910,-0.3473506947402504
4911,-0.26348976643452793
4912,-0.23657311499713995
4913,0.38244322823530896
4914,0.19547244770428107
4915,-0.2137791746576444
4916,-0.24945018045674094
4917,-0.008768620510111735
4918,0.31046594875705447
4919,-0.31666387659706274
4920,0.3554227309720339
4921,0.4602686944706398
4922,0.25748469270408725
4923,0.3147921484611944
4924,0.37299794748348925
4925,0.3518842548344723
4926,0.32476369812233497
4927,0.27076638923135055
4928,0.26973294485925936
4929,0.4051528978530792
4930,0.2907253301598891
4931,0.2513468229296967
4932,0.14703621112096066
4933,0.3168538836252519
4934,0.5497371299494358
4935,0.25162972836389774
4936,0.4050930302790936
4937,0.3685266365224491
4938,0.3926184757849114
4939,0.47468570357925355
4940,-0.009513191748524052
4941,0.085163310943563
4942,0.3585020293203254
4943,0.27719284490993035
4944,0.06770587358285418
4945,0.4086170397679838
4946,0.3953506266072213
4947,0.14753180718221626
4948,0.34441564340570574
4949,0.3171267555119248
4950,0.3816371581479603
4951,0.49415262494738244
4952,0.3010736905142182
4953,0.28720417536754583
4954,0.49640215755547823
4955,0.3014643423293084
4956,0.35374505854377514
4957,0.35389136349652395
4958,0.35128523320660854
4959,0.019074608677616345
4960,0.020252898984625123
4961,-0.02106960241412259
4962,0.2707212511477872
4963,0.23091670147670906
4964,0.3318286308776468
4965,-0.3758299544891245
4966,0.2650844007387625
4967,0.2935537635024268
4968,0.38212109069826394
4969,-0.2217250577208787
4970,0.23767778490382008
4971,0.13100996171550783
4972,0.2551548905519403
4973,0.3663973538716747
4974,0.38600588405510927
4975,0.39510184573044405
4976,0.3987604586034632
4977,0.3298279868399603
4978,0.4885497482146104
4979,0.3338836725359313
4980,0.17091689519280906
4981,0.26616107845692416
4982,0.20087465925804882
4983,0.1834244116715822
4984,0.5202330658903007
4985,0.36589112318946215
4986,-0.3060291168228605
4987,0.21630171114797858
4988,0.3644924008752406
4989,0.3353585694666441
4990,0.14244120779403446
4991,0.4119174300738351
4992,0.33976232014540764
4993,0.35892348470565527
4994,0.20014472586181697
4995,0.3127556203950048
4996,0.44974134096086726
4997,0.23692117643955712
4998,0.3782556788714724
4999,0.14106737531212943
5000,0.0035279821044134074
5001,0.13745521251660064
5002,0.2413300373479097
5003,0.35461986345137153
5004,0.002071925037661293
5005,0.44137659799800066
5006,0.3015581993805767
5007,0.4291668604430039
5008,0.37195641607454943
5009,-0.001559335202568124
5010,0.17166382611198316
5011,0.2558889016528838
5012,0.4784402724558461
5013,0.1508005827045651
5014,0.018191050239242612
5015,0.24770421657564912
5016,-0.5100236361885997
5017,0.37351343278241367
5018,-0.2638086847572012
5019,-0.48193115812835463
5020,-0.21411280434498225
5021,-0.036150701683429265
5022,-0.029004229580671836
5023,-0.4397470529012485
5024,0.36545145685100744
5025,-0.36709602879720205
5026,-0.08388850576404994
5027,0.11296960268987566
5028,-0.5373054214782487
5029,0.4590670251066018
5030,-0.3269802668408678
5031,-0.004003250243975409
5032,0.11392279403064132
5033,0.28723326463872145
5034,0.33868159899550765
5035,-0.36188001906016176
5036,-0.1850527924402886
5037,-0.3065855962953845
5038,-0.28377014782148047
5039,-0.24259444088774196
5040,-0.4055251904044671
5041,-0.1949415412509139
5042,-0.2853320983749701
5043,-0.3627954850263164
5044,-0.15890739381731644
5045,-0.30318676872058736
5046,-0.33804658190325954
5047,0.12451143345940996
5048,-0.28605513366755553
5049,-0.3995275371417554
5050,0.2971251399256529
5051,-0.2902765270256451
5052,-0.2986173025750989
5053,-0.09806636081146791
5054,0.019851856032194304
5055,0.23970182098206916
5056,0.33834822036906265
5057,0.4261140759367834
5058,0.5022245617932699
5059,0.4772237809741333
5060,-0.39049602596310873
5061,-0.028273926123382975
5062,-0.2157035382050596
5063,-0.3405662880227287
5064,-0.1896407701178887
5065,0.21456386476186506
5066,0.3591536532444921
5067,0.4080078804452967
5068,-0.18026066389129403
5069,-0.2049047583477791
5070,0.21420306905346886
5071,0.2718735553482683
5072,0.20133967436577027
5073,0.3390590744553721
5074,0.24318008708249939
5075,-0.051194614940786254
5076,0.3565575262707783
5077,0.28334362863814233
5078,0.35192612398701484
5079,0.0406526802634537
5080,-0.14913165787263516
5081,0.49010635900868516
5082,-0.22307137535205923
5083,0.12903929162472738
5084,0.17230052767845394
5085,0.3792518288166
5086,0.07971709508801572
5087,0.3297370924808807
5088,0.026544961769710884
5089,0.2994042615276218
5090,0.3513357562512802
5091,0.31024209358383437
5092,0.26614272438249076
5093,0.23469672539268638
5094,0.05622779555927071
5095,0.4093243027391611
5096,-0.08787211889348168
5097,0.3380385560530206
5098,0.47605740905432303
5099,0.22944660676499673
5100,0.2967990905684006
5101,0.23837673874238807
5102,0.4141463350054613
5103,0.15150107386617462
5104,0.35792326406784003
5105,0.26459212069941684
5106,-0.23564645727753275
5107,-0.15110874314974387
5108,0.34914706640609205
5109,0.38966539151504564
5110,0.27324389218636824
5111,-0.27446286221502636
5112,-0.15395022588669627
5113,-0.4125578846364566
5114,-0.16572518848032103
5115,-0.6605541157662816
5116,-0.07123851491492095
5117,-0.3940021029098425
5118,-0.34632226853777104
5119,-0.41155008607152743
5120,-0.2865662322901501
5121,-0.1073928253836336
5122,-0.027790795289732162
5123,0.09592389584324645
5124,0.18425490587602122
5125,-0.6050892517109716
5126,-0.16119181447833175
5127,-0.17537609829517253
5128,-0.18943914815326046
5129,-0.2838667063903121
5130,-0.23749565910960535
5131,-0.016777288131424206
5132,0.3661880098985353
5133,0.32612064408594854
5134,-0.2844815589704146
5135,0.1547729032841494
5136,-0.32305889811719013
5137,0.32332255038883595
5138,0.23392592461020212
5139,-0.18781168467514409
5140,-0.23829947431106013
5141,0.2660800206435052
5142,0.3039106709607322
5143,-0.23319794700988328
5144,0.2830432954607125
5145,0.20759219269426854
5146,-0.39427358120229083
5147,0.05471805481213665
5148,0.30801190664535905
5149,-0.3561725669345168
5150,-0.16821667005849839
5151,-0.24119233994683076
5152,-0.337196535525209
5153,-0.29469104854096917
5154,-0.28795463768255136
5155,-0.15286250253406986
5156,-0.035098868230409086
5157,0.5347892380779109
5158,0.23204172020943048
5159,0.43610840818193
5160,-0.31003240160236867
5161,-0.17751979986810784
5162,-0.2728384778780546
5163,-0.13828115890631998
5164,-0.3722253092513099
5165,0.48104519701253734
5166,-0.2629467249728916
5167,-0.24672013073661825
5168,-0.35387335366845674
5169,-0.3667433883469232
5170,-0.30385797498335054
5171,-0.14182988285101183
5172,-0.26990985145361224
5173,-0.19463442271991238
5174,-0.43381520610348734
5175,-0.4111316720453524
5176,-0.05737035705151061
5177,0.33929326527933346
5178,-0.34192408266798324
5179,-0.22632724889222355
5180,-0.27106566729254034
5181,-0.3982090893939205
5182,-0.273520275871448
5183,-0.39708389284043066
5184,-0.06946767130955234
5185,-0.4154263448486637
5186,-0.27944124791266256
5187,-0.37501504423219045
5188,0.019177309053025837
5189,-0.08974346800812716
5190,-0.32920574601090347
5191,-0.3663209169603051
5192,-0.290935471810582
5193,-0.4266668847212505
5194,-0.47415088453855503
5195,-0.4297119765871499
5196,-0.22975115074691022
5197,-0.32210375683461867
5198,-0.3086229008854925
5199,0.4015441106418147
5200,-0.2688704854389983
5201,-0.13487981806152527
5202,-0.09234799728966125
5203,-0.49824723883186506
5204,-0.2623560977297603
5205,-0.25316424124582515
5206,-0.08984294550653904
5207,-0.22679474021442436
5208,-0.2718266518381125
5209,-0.3557626040623011
5210,-0.3581814127004892
5211,-0.2944312761516019
5212,-0.35299197523511294
5213,-0.2659637145743894
5214,-0.2150468100474009
5215,-0.3308595226476201
5216,-0.36451755247284245
5217,-0.3094608565885688
5218,-0.3584297424412266
5219,-0.3356715915208459
5220,-0.3544056611771227
5221,-0.3313492848750129
5222,-0.42821387661273036
5223,0.1685647814479312
5224,-0.4365179867122556
5225,-0.39432110772890927
5226,-0.09867317059231118
5227,-0.3887297650981859
5228,-0.44441877590794476
5229,-0.2866715663792373
5230,-0.32229014349326457
5231,-0.35206442902257085
5232,-0.4246922465296007
5233,-0.33319956317612187
5234,-0.3265920506793504
5235,-0.34138036563918384
5236,0.2765436400828558
5237,0.40674760178281844
5238,0.3342383697462681
5239,-0.41462478103479083
5240,-0.2877330656395639
5241,0.05519330644229892
5242,-0.3547714460553869
5243,0.07950358805667901
5244,-0.33894279323008203
5245,0.1339618162316243
5246,0.23264707231228976
5247,0.28760733586236187
5248,0.5044256330550401
5249,-0.32093503278490776
5250,0.634590992920689
5251,0.4512311691465949
5252,0.23741126641819443
5253,-0.02138925252085211
5254,0.6189052237560102
5255,-0.14945279024396252
5256,-0.15257836382440204
5257,-0.00832808700762544
5258,-0.49768593525953253
5259,0.6812818875829929
5260,-0.3607376607707592
5261,0.2023148413563458
5262,-0.02261989631802286
5263,-0.32186920128804697
5264,-0.5368382434650053
5265,-0.36027590476999327
5266,-0.4145941731988363
5267,-0.038501348331895
5268,-0.23698854396500246
5269,-0.24890193794857962
5270,-0.26847767268607525
5271,-0.3379346827212031
5272,-0.22579534495605125
5273,-0.2959149643144131
5274,-0.034310578992814755
5275,-0.3837142277614446
5276,-0.329277517519708
5277,-0.3319292131954086
5278,-0.3767330334123802
5279,-0.29425941126757527
5280,-0.2656323582411616
5281,-0.4493297557088949
5282,0.44727532846670437
5283,0.4449189563607856
5284,-0.26202798025185825
5285,0.3569610431816759
5286,0.22228898421153054
5287,0.37819100733083344
5288,0.3903921825803982
5289,0.40122724999208503
5290,0.3067226651714272
5291,0.5038169513015494
5292,0.12224949554142661
5293,0.45744872636849787
5294,0.3743956047428927
5295,0.4374410864139411
5296,0.2472451405203333
5297,0.5254196145123224
5298,0.5321828640249087
5299,0.4950257642823126
5300,-0.11804182882336667
5301,-0.3791944092597248
5302,-0.4087496781462786
5303,-0.2616107992648564
5304,-0.36344990239400043
5305,-0.30896783410447615
5306,-0.14679735949057593
5307,-0.48172499948790914
5308,-0.5317571907433583
5309,-0.2809933627765705
5310,-0.3321230346045553
5311,-0.3633602874383418
5312,-0.26660013797831494
5313,-0.09141799463946232
5314,-0.37938199891324953
5315,-0.1571365530393305
5316,-0.337101316221621
5317,-0.31202545831887785
5318,-0.390969431658022
5319,-0.39692704014510416
5320,-0.32367153454279596
5321,-0.39580697775947615
5322,-0.37606791836061293
5323,-0.4441783685266617
5324,0.04549656440082739
5325,-0.42075759457646167
5326,-0.3528186436697156
5327,-0.333186437207427
5328,-0.37633991389086596
5329,-0.27781088312113567
5330,-0.37967083388328815
5331,-0.5218005137061077
5332,-0.3376962838950367
5333,-0.44276787549522423
5334,-0.25467283693620035
5335,-0.4136727439846374
5336,-0.1412134311337765
5337,-0.09416620135462805
5338,-0.3482163952160524
5339,0.47566017679304906
5340,0.42798351574605675
5341,-0.015968538280035416
5342,-0.24352166963128552
5343,-0.23984394816873633
5344,-0.36078286098479784
5345,-0.3406736781856802
5346,-0.034969475624912705
5347,0.2814682475131285
5348,-0.3439278152320461
5349,-0.3051364123003826
5350,0.4290548984373945
5351,0.2493122282725948
5352,0.44899749806953615
5353,0.516021774571163
5354,-0.32771913502356587
5355,-0.14347864752927453
5356,-0.2744173385366353
5357,0.3927853371200656
5358,0.35144147503238754
5359,0.13716518197169858
5360,0.047275230354544284
5361,0.416737978872294
5362,0.37749545658025374
5363,0.2512238093575221
5364,0.4880691169333078
5365,0.46843962221250623
5366,0.31865339053555
5367,-0.2204816329057644
5368,0.3230615427882684
5369,0.35631653993981627
5370,0.2777374181557275
5371,0.2946556025149012
5372,0.33033326368230376
5373,0.34618222023391776
5374,0.4515063283980498
5375,0.2150315018243536
5376,-0.06090187084079701
5377,0.6423591523138992
5378,0.572154294962216
5379,0.6432217829909037
5380,0.4883821358170266
5381,0.3766845781109287
5382,0.08488754495793316
5383,-0.3592569654143022
5384,0.6013220976232567
5385,0.5573657615671987
5386,0.443108415373235
5387,0.29699720546028874
5388,0.39155210968605236
5389,0.48114092874085834
5390,0.6136320210194346
5391,0.5129449266489481
5392,-0.41640796417647585
5393,-0.26896904666835597
5394,0.5769700237496116
5395,0.4097296240310322
5396,-0.1656828120290117
5397,-0.2025604714238275
5398,0.44111673926088346
5399,0.5614299848409665
5400,0.3972931291320918
5401,0.32031650407448864
5402,0.2972583753898983
5403,-0.20959018322687772
5404,-0.24377228056691536
5405,0.11583855709312019
5406,0.6145218863439088
5407,0.07395944089678985
5408,0.5683681744102713
5409,-0.16362754014387393
5410,0.6285391744904016
5411,-0.30353229213101296
5412,0.4727371878764661
5413,-0.21456569594032593
5414,-0.28121912028063745
5415,-0.3772582769837882
5416,-0.21528485873130587
5417,-0.2876693931132489
5418,-0.00690215271422856
5419,-0.2986244113948111
5420,-0.26433272682840303
5421,-0.24645504803808094
5422,-0.3004953544338611
5423,-0.26905804719560944
5424,-0.23669996890582767
5425,-0.3232246127108822
5426,-0.32298532244696787
5427,-0.2185357083493309
5428,-0.2806816664877019
5429,-0.30128468569122935
5430,-0.37421416035841726
5431,-0.3056879561203919
5432,-0.23045771487979194
5433,-0.30274956287390586
5434,0.31872931983405994
5435,0.5145986086514662
5436,0.3902498771730729
5437,0.5111232066112907
5438,0.47014862966639126
5439,0.4837572961593344
5440,0.5149291042488398
5441,0.6065639794375579
5442,0.4794666875774656
5443,0.40268737212262873
5444,0.5477260389371614
5445,0.6276765887957008
5446,0.39863776521037186
5447,0.5308401050705995
5448,0.573311680919919
5449,0.20879268548352936
5450,0.5238133871209041
5451,-0.31985163419897544
5452,0.4959636881780394
5453,0.3560417056505578
5454,0.3742847623627985
5455,0.4300209448846497
5456,0.4043753188521819
5457,0.4589977630546951
5458,0.3572551130742041
5459,0.37956436672094784
5460,0.5648616814987673
5461,0.4624541320183573
5462,0.4981396975975074
5463,0.44005067114362606
5464,0.5213685502480836
5465,0.025076159871354253
5466,0.4874042301127859
5467,0.2744195752803853
5468,0.3173441833991457
5469,0.3295322394423701
5470,0.4288317350102171
5471,0.4662922109868102
5472,0.5237016550670568
5473,0.5010943847463682
5474,0.4730410421020259
5475,0.4395387368265653
5476,0.3931578505739104
5477,0.44865925987205113
5478,0.3414520232065257
5479,0.4164144527392595
5480,0.4169141474770486
5481,0.3145227426955459
5482,0.48786565148627514
5483,0.45025516695082723
5484,0.5734084435032611
5485,0.45051726466855757
5486,0.1709806668990439
5487,0.531289540095691
5488,0.3437709405836076
5489,0.4559109446422651
5490,0.41414335612218034
5491,0.5315348157185102
5492,0.4913339388021971
5493,0.2625493395261136
5494,0.5776884406955125
5495,0.3837356680230992
5496,0.3332063082921062
5497,0.38184395911945623
5498,0.3574033205992464
5499,0.3561176212464483
5500,0.308466982074421
5501,0.32532533473477376
5502,0.2144970878818453
5503,0.27502744261880396
5504,0.304791394829951
5505,0.4944681121979144
5506,0.45637018051935674
5507,0.5119333474202064
5508,0.39963146991007914
5509,0.3867448086204619
5510,0.42674957167708527
5511,0.4238550803902392
5512,0.4975942032423586
5513,0.4423153700924578
5514,0.4562792901705288
5515,0.40505414778224025
5516,0.2702506056032794
5517,0.2815573092531658
5518,0.5149859771924827
5519,0.38752309890387515
5520,0.46366651418326854
5521,0.401256804720036
5522,0.570207977356713
5523,0.5112236107556827
5524,0.4500788655139898
5525,0.4235852164053049
5526,0.43589860865720964
5527,0.5754300977067404
5528,0.38160457967865846
5529,0.4147317137006512
5530,0.4882537095629407
5531,0.5389597808270801
5532,0.34057624900306105
5533,0.39487990041321064
5534,0.4172933473306537
5535,0.28668797395853485
5536,0.4008435660330709
5537,0.4795290176276015
5538,0.4677635266395479
5539,0.35759074726425033
5540,0.5291735962663537
5541,0.5443483505417912
5542,0.37312936973449573
5543,0.49429244585896726
5544,0.21130198613114737
5545,0.3057581168750856
5546,0.4202818199373195
5547,0.5114854357155096
